0 1
1 2 3 4
2
3
4
5 20 13 6 7
6
7 8 9 22
8
9 10 11
10
11 24 12 13
12
13 14 15
14
15 16 17 24
16
17 18 19 20
18
19
20 22 21
21
22 24 23
23
24 25
25
26 27 39
27 28 29
28
29 40 41 30
30 35 31
31 32 42 43
32 33 34
33 44
34
35 36 46 45
36 37 38
37 47
38
39
40
41
42
43
44
45
46
47
48 49 50 54
49
50 64 51
51 65 52 53
52 67 68 66
53 69 70 71
54 55 63
55 56 72
56 57 73
57 58 62
58 74 75 59
59 60 76
60 61 77
61 80 78 79
62 63 81
63 82
64
65
66
67
68
69
70
71
72
73
74
75
76
77
78
79
80
81
82
83 84 85 86 93
84
85
86 92 87
87 88 100
88 89 101
89 90 91
90 102 103
91 104 92
92 105
93 99 94
94 106 95
95 96 107
96 97 98
97 108 109
98 99 110
99 111
100
101
102
103
104
105
106
107
108
109
110
111
112 113 114 116 118
113
114 120 115 119
115
116 121 122 117
117
118
119
120
121
122
123 124
124 125 126
125
126 142 127
127 128 129
128 144 145 143
129 130 146
130 131 147
131 132 142
132 133 134
133
134 139 135
135 136 148
136 137 149
137 138 150
138 139 151
139 140
140 141 142
141
142
143
144
145
146
147
148
149
150
151
152 153 181 166 182
153 154
154 155 156
155
156 157 158 162
157 183
158 160 184 159
159 185 186 187
160 161
161 188 189 190
162 164 163 165
163 192 193 191
164 195 196 194
165 197
166 180 167
167 168 198
168 200 169 199
169 170 180
170 202 171 201
171 172 203 204
172 180 173 205
173 174
174 176 175
175
176 177 178
177 208 206 207
178 209 179
179 211 212 210
180 213
181
182
183
184
185
186
187
188
189
190
191
192
193
194
195
196
197
198
199
200
201
202
203
204
205
206
207
208
209
210
211
212
213
214 216 225 215
215
216 217 218
217
218 219 220
219
220 221 223
221 222
222
223 224 225
224
225 226
226 227
227
228 236 229
229 235 230
230 243 231
231 232 244
232 233 234
233 245 246
234 235 247
235 248
236 242 237
237 249 238
238 250 239
239 240 241
240 251 252
241 242 253
242 254
243
244
245
246
247
248
249
250
251
252
253
254
255 256 257 266
256 280 281 279
257 258 262
258 282 259
259 283 260
260 284 261
261 285 262
262 263
263 264 265
264
265 266 276
266 267
267 268 274
268 269 286
269 270 287
270 272 273 271
271 288 289 290
272 291 292 293
273 274
274 275
275 276 294
276 277
277 278
278 296 297 295
279
280
281
282
283
284
285
286
287
288
289
290
291
292
293
294
295
296
297
298 299
299 300 301
300
301 306 302
302 307 303
303 304
304 305 306
305 308 309
306
307
308
309
310 311
311 312 313
312
313 314 318
314 323 315
315 320 316
316 324 317
317 325 318
318 319
319 328 326 327
320 321 322
321
322
323
324
325
326
327
328
329 330
330 331 333 334
331 336 332 335
332
333
334
335
336
337 345 338 339 342
338
339 340 341
340 348 341 349
341 350 351
342 344 343
343 344 352 353
344 354 355
345 346 347
346 347 356 357
347 358 359
348
349
350
351
352
353
354
355
356
357
358
359
360 361 370 369
361 362 367
362 363 371
363 364 365
364
365 372 366
366 367 373
367 368
368 375 374
369
370
371
372
373
374
375
376 377 397 398 383
377 378 382
378 379 399
379 400 380
380 401 381
381 402 382
382 403
383 384 387
384 385 404 405
385 386 406 407
386
387 408 388 389
388 409 410 411
389 412 413 390
390 391
391 392 396
392 393 414
393 394 415
394 416 395
395 417 396
396 418
397
398
399
400
401
402
403
404
405
406
407
408
409
410
411
412
413
414
415
416
417
418
419 433 427 420 421
420
421 422
422 440 423 439
423 424 425 441
424
425 426 443 442
426
427 428
428 444 429 445
429 430 446 431
430
431 432 448 447
432
433 434
434 450 435 449
435 451 436 437
436
437 452 453 438
438
439
440
441
442
443
444
445
446
447
448
449
450
451
452
453
454 459 460 461 455
455 456 462 463
456 457
457 464 458 465
458 466 459 467
459
460
461
462
463
464
465
466
467
468 472 474 469 470
469
470 471
471 476 478 477
472 473
473 480 481 479
474 475
475 482 483 484
476
477
478
479
480
481
482
483
484
485 493 486 495
486 496 487
487 488 490
488 489
489 497 498 499
490 491 492
491 500 501
492 493 502
493 494
494 504 503
495
496
497
498
499
500
501
502
503
504
505 512 514 506
506 515 507
507 508 509
508
509 510 511
510 516 517
511 512 518
512 513
513 520 519
514
515
516
517
518
519
520
521 522 523 525 526
522
523 528 524 527
524
525
526
527
528
529 530 538 534
530 531 539
531 532 540
532 533 541
533 536 534
534 535
535 542 543
536 537
537 544 545 546
538
539
540
541
542
543
544
545
546
547 561 555 548
548 562 549
549 554 550
550 563 551
551 552 564
552 553 565
553 554 566
554 567
555 560 556
556 568 557
557 569 558
558 570 559
559 560 571
560 572
561
562
563
564
565
566
567
568
569
570
571
572
573 574 589 590 575
574 592 593 591
575 576 588
576 577 581
577 578 594
578 579 595
579 580 596
580 581 597
581 582
582 588 583
583 584 598
584 585 586
585 600 599
586 601 587
587 588 602
588
589
590
591
592
593
594
595
596
597
598
599
600
601
602
603 609 604 614
604 605 615
605 606 607
606 616 617
607 608 618
608 609 611
609 610
610 619
611 612 613
612
613
614
615
616
617
618
619
620 621
621 628 629 622
622 627 623
623 624 630
624 625 631
625 632 626
626 627
627 633
628
629
630
631
632
633
634 642 635
635 636
636 641 637
637 650 638
638 651 639
639 640 652
640 641 653
641 654
642 648 643
643 644 655
644 656 645
645 646 647
646 657 658
647 648
648 649
649 659 660
650
651
652
653
654
655
656
657
658
659
660
661 666 662 671
662 672 663
663 664 673
664 665 674
665 666 667
666 675
667 668 669
668 676
669 670
670
671
672
673
674
675
676
677 678 679
678 688 689 687
679 680 686
680 681 690
681 682 691
682 683 684
683 692 693
684 685 686
685 696 694 695
686 697
687
688
689
690
691
692
693
694
695
696
697
698 699
699 715 700
700 705 701
701 716 702
702 703 717
703 704 718
704 705 719
705 706
706 707 708
707
708 715 709
709 720 710
710 721 711
711 712 713
712 722 723 724
713 714 715
714 725 726
715
716
717
718
719
720
721
722
723
724
725
726
727 728 730 732
728 729 739 740
729 741 742 743
730 744 745 731
731 747 748 746
732 733 734
733
734 735
735 736 750 749
736 737 738
737 752 751
738
739
740
741
742
743
744
745
746
747
748
749
750
751
752
753 754
754 755 756
755
756 757 766
757 768 758
758 769 759
759 760 767
760 761 770 771
761 762 772 773
762 763 767
763 764 774
764 765 775
765 776 766
766 767
767
768
769
770
771
772
773
774
775
776
777 785 778 789
778 779 780
779 790 791
780 781 783
781 782
782 792 793 794
783 784 795
784 785 796
785 786
786 787 788
787
788
789
790
791
792
793
794
795
796
797 808 805 798
798 819 799
799 800 820
800 801 804
801 802
802 803
803
804 805 806
805 821
806 807
807 824 822 823
808 809 818
809 825 810
810 826 811
811 812 815
812 813
813 814
814
815 816 818
816 817
817 827 828 829
818 830
819
820
821
822
823
824
825
826
827
828
829
830
831 832 836 838
832 833 839
833 840 834
834 835 841
835 836 842
836 837
837 844 843
838
839
840
841
842
843
844
845 850 846
846 847 852 853
847 848 849 850
848 856 855 854
849 857 858 859
850 851
851
852
853
854
855
856
857
858
859
860 861 862
861 872 870 871
862 868 863
863 864 873
864 865 874
865 866 867
866 875 876 877
867 868 878
868 869
869 880 879
870
871
872
873
874
875
876
877
878
879
880
881 882
882 897 883
883 888 884
884 898 885
885 899 886
886 900 887
887 888 901
888 889
889 890 891
890
891 897 892
892 893 902
893 894 903
894 896 895
895 904 905
896 897 906
897
898
899
900
901
902
903
904
905
906
907 912 908 909
908
909 915 910
910 911 916 917
911 920 918 919
912 913 921
913 914 923 922
914 924 925 926
915
916
917
918
919
920
921
922
923
924
925
926
927 928 933 935
928 936 929
929 937 930
930 938 931
931 932 933
932 940 939 941
933 934
934 942 943
935
936
937
938
939
940
941
942
943
944 952 945
945 946
946 947 951
947 948 958
948 949 959
949 960 950
950 961 951
951 962
952 953 957
953 954 963
954 955 964
955 956 965
956 957 966
957 967
958
959
960
961
962
963
964
965
966
967
968 976 969 978
969 970 971
970
971 979 972
972 973 974
973
974 976 975
975 980
976 977
977
978
979
980
981 989 982 991
982 984 983
983 992 993
984 985 986
985 994 995 996
986 987 997
987 988 989
988 1000 998 999
989 990
990 1001 1002 1003
991
992
993
994
995
996
997
998
999
1000
1001
1002
1003
1004 1011 1005 1013
1005 1006 1014
1006 1008 1007
1007 1016 1017 1015
1008 1009 1010
1009 1018 1019
1010 1011 1020
1011 1012
1012 1021 1022
1013
1014
1015
1016
1017
1018
1019
1020
1021
1022
1023 1024 1032 1026
1024 1025
1025
1026 1027 1031
1027 1028 1038
1028 1029 1039
1029 1040 1030
1030 1041 1031
1031 1042
1032 1033 1037
1033 1034 1043
1034 1035 1044
1035 1036 1045
1036 1037 1046
1037 1047
1038
1039
1040
1041
1042
1043
1044
1045
1046
1047
1048 1049 1050 1059
1049
1050 1051 1055
1051 1052 1068
1052 1053 1069
1053 1056 1054
1054 1070 1055
1055 1071
1056 1057 1058
1057 1072 1074 1073
1058 1075 1076 1077
1059 1064 1060
1060 1061 1078
1061 1062 1079
1062 1065 1063
1063 1064 1080
1064 1081
1065 1066 1067
1066 1082 1083 1084
1067 1085 1086 1087
1068
1069
1070
1071
1072
1073
1074
1075
1076
1077
1078
1079
1080
1081
1082
1083
1084
1085
1086
1087
1088 1089 1098 1107 1108
1089 1090 1094
1090 1091 1109
1091 1092 1110
1092 1093 1095
1093 1094 1111
1094 1112
1095 1096 1097
1096 1113 1114 1115
1097 1116 1117 1118
1098 1099 1103
1099 1100 1119
1100 1120 1101
1101 1104 1102
1102 1121 1103
1103 1122
1104 1105 1106
1105 1123 1124 1125
1106 1128 1126 1127
1107
1108
1109
1110
1111
1112
1113
1114
1115
1116
1117
1118
1119
1120
1121
1122
1123
1124
1125
1126
1127
1128
1129 1136 1144 1130
1130 1131 1135
1131 1145 1132
1132 1146 1133
1133 1147 1134
1134 1148 1135
1135 1149
1136 1137 1143
1137 1138 1150
1138 1139 1151
1139 1140 1142
1140 1141
1141
1142 1152 1143
1143 1153
1144
1145
1146
1147
1148
1149
1150
1151
1152
1153
1154 1161 1155 1164
1155 1156 1198
1156 1157 1159
1157 1158
1158 1200 1201 1199
1159 1160 1202
1160 1161 1203
1161 1162
1162 1163 1172
1163 1164 1165
1164 1204
1165 1170 1205 1166
1166 1167 1206 1207
1167 1168 1193 1208
1168 1169 1209 1173
1169 1170 1211 1210
1170 1171
1171 1172 1212 1213
1172 1214 1215
1173 1216 1174 1217
1174 1218 1190 1175
1175 1176
1176 1177 1178
1177
1178 1179 1189
1179 1219 1180
1180 1181 1183
1181 1182
1182 1220 1222 1221
1183 1184 1186
1184 1185
1185 1224 1223 1225
1186 1187 1189
1187 1188
1188 1226 1228 1227
1189 1229
1190 1193 1230 1191
1191 1192
1192 1232 1233 1231
1193 1194 1234
1194 1195 1196
1195
1196 1197
1197 1236 1235 1237
1198
1199
1200
1201
1202
1203
1204
1205
1206
1207
1208
1209
1210
1211
1212
1213
1214
1215
1216
1217
1218
1219
1220
1221
1222
1223
1224
1225
1226
1227
1228
1229
1230
1231
1232
1233
1234
1235
1236
1237
1238 1257 1243 1239
1239 1240 1258
1240 1241 1259
1241 1242 1260
1242 1243 1244
1243 1261
1244 1245 1262
1245 1246 1263
1246 1264 1265 1247
1247 1248
1248 1249 1250
1249
1250 1251 1255
1251 1252 1266
1252 1253 1267
1253 1268 1254
1254 1255 1269
1255 1256
1256 1271 1270
1257
1258
1259
1260
1261
1262
1263
1264
1265
1266
1267
1268
1269
1270
1271
1272 1280 1273
1273 1274 1279
1274 1275 1287
1275 1288 1276
1276 1277 1278
1277 1289 1290
1278 1291 1279
1279 1292
1280 1281 1286
1281 1282 1293
1282 1283 1294
1283 1284 1285
1284 1296 1295
1285 1297 1286
1286 1298
1287
1288
1289
1290
1291
1292
1293
1294
1295
1296
1297
1298
1299 1305 1300 1301 1303
1300
1301 1307 1306 1302
1302
1303 1304 1308 1309
1304
1305
1306
1307
1308
1309
1310 1311
1311 1312 1314
1312 1313
1313
1314 1315 1327
1315 1316 1317
1316
1317 1318 1319
1318
1319 1320 1326
1320 1328 1321
1321 1329 1322
1322 1323 1325
1323 1324
1324 1331 1330 1332
1325 1333 1326
1326 1334
1327
1328
1329
1330
1331
1332
1333
1334
1335 1336 1352 1342
1336 1337 1353
1337 1338 1339
1338
1339 1340 1341
1340
1341 1354 1342
1342 1343
1343 1344
1344 1345 1351
1345 1346 1355
1346 1347 1348
1347
1348 1349 1350
1349
1350 1356 1351
1351 1352
1352
1353
1354
1355
1356
1357 1361 1362 1358 1359
1358
1359 1360 1363 1364
1360
1361
1362
1363
1364
1365 1379 1380 1366 1374
1366 1367 1382 1381
1367 1368 1384 1383
1368 1369 1386 1385
1369 1370 1387 1388
1370 1371 1389 1390
1371 1392 1372 1391
1372 1393 1394 1373
1373 1396 1395
1374 1375 1398 1397
1375 1376 1400 1399
1376 1377 1378
1377
1378 1401
1379
1380
1381
1382
1383
1384
1385
1386
1387
1388
1389
1390
1391
1392
1393
1394
1395
1396
1397
1398
1399
1400
1401
1402 1418 1403 1430
1403 1404 1431
1404 1432 1405
1405 1417 1406
1406 1408 1407
1407
1408 1409
1409 1433 1410 1434
1410 1411 1435 1413
1411 1412 1436 1437
1412 1440 1438 1439
1413 1441 1442 1414
1414 1443 1444 1415
1415 1416 1445 1446
1416 1448 1449 1447
1417 1418 1419
1418 1450
1419 1420 1421
1420
1421 1422
1422 1451 1452 1423
1423 1424 1426 1453
1424 1425 1455 1454
1425 1456 1458 1457
1426 1427 1460 1459
1427 1428 1461 1462
1428 1464 1429 1463
1429 1465 1466 1467
1430
1431
1432
1433
1434
1435
1436
1437
1438
1439
1440
1441
1442
1443
1444
1445
1446
1447
1448
1449
1450
1451
1452
1453
1454
1455
1456
1457
1458
1459
1460
1461
1462
1463
1464
1465
1466
1467
1468 1488 1473 1469
1469 1489 1470
1470 1478 1471
1471 1472 1490
1472 1473 1491
1473 1474
1474 1475 1492
1475 1476 1477
1476 1493 1494 1495
1477
1478 1479
1479 1480
1480 1481 1486
1481 1496 1482
1482 1483 1484
1483 1497 1499 1498
1484 1500 1485
1485 1501 1486
1486 1487
1487 1502
1488
1489
1490
1491
1492
1493
1494
1495
1496
1497
1498
1499
1500
1501
1502
1503 1504 1512 1554
1504 1505 1555
1505 1506 1510
1506 1507 1556
1507 1508 1557
1508 1509 1558
1509 1510 1559
1510 1511
1511 1512 1514
1512 1513
1513 1560
1514 1515
1515 1516
1516 1517 1523
1517 1561 1518
1518 1520 1519
1519 1562 1563 1564
1520 1521 1522
1521
1522 1523 1565
1523 1524
1524 1525 1526 1527
1525
1526
1527 1528
1528 1529
1529 1530
1530 1531 1532 1533
1531
1532
1533 1540 1534
1534 1566 1535
1535 1536 1537
1536
1537 1538 1539
1538 1568 1567 1569
1539 1570 1540
1540 1541
1541 1542
1542 1543
1543 1544 1553
1544 1545 1546
1545 1571
1546 1547 1572
1547 1548 1573
1548 1553 1549
1549 1550 1574
1550 1551 1575
1551 1552 1576
1552 1553 1577
1553
1554
1555
1556
1557
1558
1559
1560
1561
1562
1563
1564
1565
1566
1567
1568
1569
1570
1571
1572
1573
1574
1575
1576
1577
1578 1586 1579
1579 1580
1580 1585 1581
1581 1597 1582
1582 1598 1583
1583 1584 1599
1584 1600 1585
1585 1601
1586 1587 1596
1587 1588 1589
1588 1602
1589 1603 1590
1590 1604 1591
1591 1592 1596
1592 1593 1605
1593 1594 1606
1594 1595 1607
1595 1608 1596
1596
1597
1598
1599
1600
1601
1602
1603
1604
1605
1606
1607
1608
1609 1616 1610 1615
1610 1611 1617
1611 1619 1612 1618
1612 1613
1613 1614
1614
1615
1616
1617
1618
1619
1620 1621 1622 1623
1621 1633 1634 1635
1622 1636 1637 1638
1623 1624 1625
1624
1625 1626
1626 1627
1627 1628
1628 1629 1630
1629
1630 1632 1631
1631 1640 1641 1639
1632 1642 1643 1644
1633
1634
1635
1636
1637
1638
1639
1640
1641
1642
1643
1644
1645 1646 1654 1655
1646 1647 1653
1647 1648
1648 1649 1650
1649 1656 1657
1650 1651
1651 1652 1653
1652 1659 1658
1653
1654
1655
1656
1657
1658
1659
1660 1676 1675 1668 1661
1661 1667 1662
1662 1663 1677
1663 1664 1678
1664 1665 1666
1665 1680 1679
1666 1681 1667
1667 1682
1668 1674 1669
1669 1683 1670
1670 1684 1671
1671 1672 1673
1672 1685 1686
1673 1674 1687
1674 1688
1675
1676
1677
1678
1679
1680
1681
1682
1683
1684
1685
1686
1687
1688
1689 1690 1699 1700 1701
1690 1691 1692 1702
1691 1704 1705 1703
1692 1707 1693 1706
1693 1694 1695
1694
1695 1696
1696 1697 1708 1709
1697 1698 1710
1698 1712 1711
1699
1700
1701
1702
1703
1704
1705
1706
1707
1708
1709
1710
1711
1712
1713 1714 1718
1714 1730 1715 1729
1715 1731 1716 1717
1716 1732 1717 1733
1717
1718 1723 1719
1719 1720 1734
1720 1721 1735
1721 1736 1722
1722 1723 1724
1723 1737
1724 1725
1725 1738 1739 1726
1726 1728 1740 1727
1727 1728 1742 1741
1728
1729
1730
1731
1732
1733
1734
1735
1736
1737
1738
1739
1740
1741
1742
1743 1744 1745 1747
1744
1745 1746 1750
1746 1752 1751
1747 1748
1748 1753 1754 1749
1749 1756 1755 1757
1750
1751
1752
1753
1754
1755
1756
1757
1758 1771 1764 1759
1759 1760 1761
1760
1761 1762 1763
1762 1772 1773 1774
1763 1776 1775 1777
1764 1770 1765
1765 1778 1766
1766 1779 1767
1767 1768 1769
1768
1769 1770 1780
1770 1781
1771
1772
1773
1774
1775
1776
1777
1778
1779
1780
1781
1782 1786 1787 1788 1783
1783 1784 1785 1789
1784 1785 1791 1790
1785
1786
1787
1788
1789
1790
1791
1792 1793 1795 1797
1793 1794 1798 1799
1794
1795 1800 1796
1796
1797
1798
1799
1800
1801 1802 1811 1810
1802 1808 1803
1803 1804 1805
1804 1812 1813 1814
1805 1806 1815
1806 1816 1807
1807 1808 1817
1808 1809
1809 1818 1819 1820
1810
1811
1812
1813
1814
1815
1816
1817
1818
1819
1820
1821 1836 1829 1822
1822 1828 1823
1823 1824 1843
1824 1825 1844
1825 1826 1827
1826 1845
1827 1828 1846
1828 1847
1829 1835 1830
1830 1848 1831
1831 1832 1849
1832 1833 1834
1833 1850 1851
1834 1835 1852
1835 1853
1836 1842 1837
1837 1838 1854
1838 1839 1855
1839 1840 1841
1840 1856 1857
1841 1842 1858
1842 1859
1843
1844
1845
1846
1847
1848
1849
1850
1851
1852
1853
1854
1855
1856
1857
1858
1859
1860 1861
1861 1865 1862 1863
1862
1863 1864
1864 1867 1868 1869
1865 1866
1866 1872 1870 1871
1867
1868
1869
1870
1871
1872
1873 1874 1878 1879
1874 1880 1875
1875 1881 1876
1876 1882 1877
1877 1883 1878
1878 1884
1879
1880
1881
1882
1883
1884
1885 1896 1897 1886 1895
1886 1888 1894 1887
1887 1898 1899 1900
1888 1889 1902 1901
1889 1890 1891
1890 1904 1903 1905
1891 1906 1892
1892 1893 1894
1893
1894 1908 1907
1895
1896
1897
1898
1899
1900
1901
1902
1903
1904
1905
1906
1907
1908
1909 1913 1915 1910 1911
1910
1911 1912
1912 1921 1922 1923
1913 1914
1914 1924 1925 1926
1915 1920 1916
1916 1928 1917 1927
1917 1929 1930 1918
1918 1919
1919 1920 1931 1932
1920 1933 1934
1921
1922
1923
1924
1925
1926
1927
1928
1929
1930
1931
1932
1933
1934
1935 1936
1936 1937 1954
1937 1944 1938
1938 1939 1940
1939 1955 1956
1940 1941 1957
1941 1942 1958
1942 1944 1943
1943 1960 1959
1944 1945
1945 1946 1947
1946
1947 1954 1948
1948 1949 1950
1949 1961 1962
1950 1963 1951
1951 1952 1964
1952 1953 1954
1953 1965 1966
1954
1955
1956
1957
1958
1959
1960
1961
1962
1963
1964
1965
1966
1967 1968 1969 1970
1968 1972 1973 1974
1969 1976 1975
1970 1977 1978 1971
1971
1972
1973
1974
1975
1976
1977
1978
1979 1980
1980 1981 1995 1991
1981 1982 1983
1982
1983 1984 1985
1984
1985 1986 1987 1995
1986
1987 1988 1998 1991
1988 1989 1990
1989
1990 1999
1991 1992 2000
1992 1993 1994
1993
1994 2001
1995 1997 1996
1996
1997
1998
1999
2000
2001
2002 2003 2004 2005 2006
2003
2004
2005
2006
2007 2008 2009 2024 2025
2008
2009 2010 2027 2026
2010 2011 2012 2028
2011
2012 2013 2030 2029
2013 2015 2014 2031
2014
2015 2016 2032 2033
2016 2017 2034 2035
2017 2018 2019 2036
2018
2019 2020 2037 2038
2020 2021 2022 2039
2021
2022 2040 2041 2023
2023 2042 2043 2044
2024
2025
2026
2027
2028
2029
2030
2031
2032
2033
2034
2035
2036
2037
2038
2039
2040
2041
2042
2043
2044
2045 2057 2046
2046 2047 2055
2047 2048 2049
2048
2049 2050 2051
2050
2051 2052 2053
2052
2053 2054 2055
2054
2055 2056
2056
2057 2058 2066
2058 2059 2060
2059
2060 2061 2062
2061
2062 2064 2063
2063
2064 2065 2066
2065
2066 2067
2067
2068 2069 2070 2071
2069
2070
2071 2072 2073
2072
2073
2074 2075 2090 2083 2076
2075
2076 2092 2077 2078
2077
2078 2080 2081 2079
2079
2080
2081 2082 2083 2094
2082
2083 2084 2085
2084
2085 2086 2094 2087
2086
2087 2088 2089 2090
2088
2089
2090 2091 2092
2091
2092 2093 2094
2093
2094 2095
2095
2096 2097 2098 2101
2097
2098 2099 2100
2099 2104 2102 2103
2100 2105 2107 2106
2101
2102
2103
2104
2105
2106
2107
2108 2114 2116 2109
2109 2117 2110
2110 2112 2111
2111
2112 2113 2118
2113 2114 2119
2114 2115
2115
2116
2117
2118
2119
2120 2121 2122 2123 2124
2121
2122
2123
2124
2125 2128 2130 2126 2127
2126 2132 2134 2133
2127
2128 2129
2129 2136 2135 2137
2130 2131
2131 2139 2140 2138
2132
2133
2134
2135
2136
2137
2138
2139
2140
2141 2144 2142 2143
2142 2146 2147
2143
2144 2145
2145 2148 2149 2150
2146
2147
2148
2149
2150
2151 2152 2153 2156 2157
2152 2160 2159 2158
2153 2161 2154 2155
2154 2155 2162 2163
2155
2156
2157
2158
2159
2160
2161
2162
2163
2164 2170 2165 2167
2165 2166
2166
2167 2168 2171
2168 2169 2172
2169
2170
2171
2172
2173 2174 2183
2174 2182 2175
2175 2176
2176 2177 2181
2177 2184 2178
2178 2179 2185
2179 2180 2186
2180 2187 2181
2181 2182
2182
2183
2184
2185
2186
2187
2188 2189
2189 2190 2191
2190
2191 2192 2198
2192 2193 2199
2193 2200 2194
2194 2195 2196
2195 2201 2202
2196 2197 2198
2197 2203
2198 2204
2199
2200
2201
2202
2203
2204
2205 2206
2206 2208 2207
2207
2208 2209 2215
2209 2216 2210
2210 2211 2217
2211 2212 2213
2212 2218
2213 2214 2215
2214 2219 2220
2215 2221
2216
2217
2218
2219
2220
2221
2222 2232 2223
2223 2224 2239
2224 2225 2228
2225 2240 2226
2226 2227 2241
2227 2228 2229
2228
2229 2230 2231
2230
2231
2232 2233 2237
2233 2234 2243 2242
2234 2235 2236
2235
2236 2244 2237
2237 2238
2238
2239
2240
2241
2242
2243
2244
2245 2249 2251 2246 2247
2246
2247 2248
2248 2256 2257 2258
2249 2250
2250 2259 2260 2261
2251 2252
2252 2253 2262
2253 2254 2255
2254
2255
2256
2257
2258
2259
2260
2261
2262
2263 2264 2265 2269
2264 2273 2274 2275
2265 2266 2276
2266 2267 2277 2278
2267 2268 2270 2279
2268 2280 2281 2269
2269 2282 2283
2270 2272 2271
2271 2284 2285
2272 2288 2286 2287
2273
2274
2275
2276
2277
2278
2279
2280
2281
2282
2283
2284
2285
2286
2287
2288
2289 2290 2291 2292 2293
2290
2291
2292
2293
2294 2300 2302 2295
2295 2296 2303
2296 2297 2298
2297
2298 2304 2299
2299 2305 2300
2300 2301
2301 2306 2307
2302
2303
2304
2305
2306
2307
2308 2309
2309 2310 2335
2310 2336 2311
2311 2312 2326
2312 2313 2314
2313
2314 2337 2315
2315 2323 2316 2338
2316 2339 2340 2317
2317 2322 2318
2318 2319 2341
2319 2320 2342
2320 2321 2343
2321 2344 2322
2322 2345
2323 2324 2325
2324
2325 2346
2326 2328 2327
2327 2347
2328 2329 2335
2329 2330 2331
2330
2331 2332
2332 2348 2333 2334
2333 2349 2350 2351
2334 2352 2353 2335
2335
2336
2337
2338
2339
2340
2341
2342
2343
2344
2345
2346
2347
2348
2349
2350
2351
2352
2353
2354 2355 2356
2355 2371 2372 2370
2356 2369 2357
2357 2361 2358
2358 2359
2359 2360 2373
2360 2361 2374
2361 2362
2362 2363 2375
2363 2369 2364
2364 2376 2365
2365 2377 2366
2366 2368 2367
2367
2368 2369
2369
2370
2371
2372
2373
2374
2375
2376
2377
2378 2379 2387 2383
2379 2380 2388
2380 2381 2389
2381 2382 2390
2382 2383 2391
2383 2384
2384 2385 2386
2385 2392 2394 2393
2386 2395 2396 2397
2387
2388
2389
2390
2391
2392
2393
2394
2395
2396
2397
2398 2400 2401 2402 2399
2399
2400
2401
2402 2403 2404 2405
2403
2404
2405
2406 2408 2416 2412 2407
2407 2408
2408 2409 2417
2409 2410 2419 2418
2410 2411 2420 2421
2411 2412 2413 2422
2412 2424 2423
2413 2425 2414 2415
2414 2426 2427 2415
2415
2416
2417
2418
2419
2420
2421
2422
2423
2424
2425
2426
2427
2428 2432 2433 2429 2431
2429 2434 2435 2430
2430
2431
2432
2433
2434
2435
2436 2442 2444 2437
2437 2445 2438
2438 2440 2439
2439 2446
2440 2441 2447
2441 2448 2442
2442 2443
2443 2449
2444
2445
2446
2447
2448
2449
2450 2452 2451 2468 2467
2451 2469 2470 2471
2452 2453 2466
2453 2472 2454
2454 2458 2455
2455 2456 2457
2456
2457 2473
2458 2459 2460
2459
2460 2461 2466
2461 2474 2462
2462 2475 2463
2463 2464 2465
2464 2476 2477 2478
2465 2466
2466
2467
2468
2469
2470
2471
2472
2473
2474
2475
2476
2477
2478
2479 2480 2481 2482 2488
2480 2489 2490 2491
2481 2492
2482 2483 2487
2483 2484 2493
2484 2485 2494
2485 2486 2495
2486 2496 2487
2487 2497
2488
2489
2490
2491
2492
2493
2494
2495
2496
2497
2498 2504 2499 2507
2499 2500 2516
2500 2501 2517
2501 2502 2503
2502 2518 2519
2503 2504 2505
2504 2520
2505 2506
2506 2522 2523 2521
2507 2515 2508
2508 2524 2509
2509 2525 2510
2510 2512 2511
2511 2526 2527
2512 2513 2515
2513 2514
2514 2528 2530 2529
2515 2531
2516
2517
2518
2519
2520
2521
2522
2523
2524
2525
2526
2527
2528
2529
2530
2531
2532 2537 2538 2533 2534
2533 2539
2534 2536 2540 2535
2535 2536 2542 2541
2536
2537
2538
2539
2540
2541
2542
2543 2544 2547 2550
2544 2545 2551
2545 2552 2546
2546 2547 2548
2547
2548 2553 2549
2549
2550
2551
2552
2553
2554 2555
2555 2556 2572
2556 2561 2557
2557 2573 2558
2558 2574 2559
2559 2560 2575
2560 2576 2561
2561 2562
2562 2563 2564
2563
2564 2572 2565
2565 2566 2567
2566
2567 2568 2577
2568 2569 2570
2569
2570 2571 2572
2571 2579 2578
2572
2573
2574
2575
2576
2577
2578
2579
2580 2584 2586 2581 2582
2581
2582 2588 2587 2583
2583
2584 2585 2589 2590
2585
2586
2587
2588
2589
2590
2591 2592 2601 2595 2598
2592 2593 2594
2593
2594
2595 2596 2597
2596
2597
2598 2600 2599
2599
2600
2601 2602 2603
2602
2603
2604 2608 2610 2611 2605
2605 2612 2613 2606
2606 2614 2607
2607 2608 2609
2608 2615
2609
2610
2611
2612
2613
2614
2615
2616 2624 2617 2622
2617 2632 2618
2618 2619 2633
2619 2620 2621
2620 2634 2635
2621 2622 2623
2622 2636
2623 2637 2638 2639
2624 2625 2631
2625 2640 2626
2626 2627 2641
2627 2628 2629
2628 2642 2643
2629 2630 2631
2630 2644 2646 2645
2631 2647
2632
2633
2634
2635
2636
2637
2638
2639
2640
2641
2642
2643
2644
2645
2646
2647
2648 2649 2650 2658 2654
2649
2650 2651
2651 2652 2662 2663
2652 2664 2665 2653
2653
2654 2655
2655 2656 2666 2667
2656 2657 2668 2669
2657
2658 2659
2659 2660 2670 2671
2660 2672 2673 2661
2661
2662
2663
2664
2665
2666
2667
2668
2669
2670
2671
2672
2673
2674 2738 2675
2675 2676 2727
2676 2677 2719
2677 2678
2678 2679
2679 2680 2684
2680 2681 2739
2681 2682 2740
2682 2683 2687
2683 2684 2741
2684 2685
2685 2686
2686 2744 2742 2743
2687 2688 2718
2688 2689 2745
2689 2690 2746
2690 2691 2715
2691 2692
2692 2693
2693 2704 2694
2694 2696 2695
2695 2747
2696 2697 2702
2697 2698 2699
2698 2748 2749
2699 2700 2750
2700 2701 2710
2701 2702 2751
2702 2703
2703 2704 2752
2704 2705
2705 2706 2707 2708
2706
2707
2708 2709
2709
2710 2712 2713 2711
2711
2712
2713 2714
2714
2715 2716 2718
2716 2717
2717 2753 2754 2755
2718 2756
2719 2720 2733
2720 2721 2757
2721 2722 2727
2722 2723 2758
2723 2728 2724
2724 2725 2759
2725 2726 2727
2726 2760 2761
2727
2728 2729 2730 2731
2729
2730
2731 2732
2732
2733 2736 2735 2734
2734
2735
2736 2737
2737
2738
2739
2740
2741
2742
2743
2744
2745
2746
2747
2748
2749
2750
2751
2752
2753
2754
2755
2756
2757
2758
2759
2760
2761
2762 2769 2763 2771
2763 2764 2780
2764 2765 2766
2765
2766 2781 2767
2767 2768 2769
2768
2769 2770
2770
2771 2772 2778
2772 2773 2782
2773 2774 2775
2774
2775 2776 2783
2776 2777 2778
2777
2778 2779
2779
2780
2781
2782
2783
2784 2785 2786 2788 2790
2785
2786 2792 2787 2791
2787
2788 2793 2794 2789
2789 2795
2790
2791
2792
2793
2794
2795
2796 2800 2801 2797
2797 2802 2798
2798 2803 2799
2799 2800 2804
2800
2801
2802
2803
2804
2805 2806 2861 2862 2863
2806 2811 2807
2807 2864 2808
2808 2865 2809
2809 2810 2812
2810 2866 2811
2811 2867
2812 2813 2814 2815
2813
2814
2815 2816
2816 2817 2821
2817 2818 2868
2818 2819 2869
2819 2820 2822
2820 2821 2870
2821 2871
2822 2823
2823 2824
2824 2825 2829
2825 2872 2826
2826 2827 2873
2827 2828 2831
2828 2874 2829
2829 2830
2830 2875 2876 2877
2831 2832 2860
2832 2833 2878
2833 2834 2879
2834 2858 2835
2835 2836
2836 2837
2837 2838 2847
2838 2840 2839
2839 2880
2840 2841 2881
2841 2842 2882
2842 2843 2847
2843 2883 2844
2844 2845 2853
2845 2884 2846
2846 2848 2847
2847
2848 2849 2850 2851
2849
2850
2851 2852
2852
2853 2856 2854 2855
2854
2855
2856 2857
2857
2858 2859 2860
2859 2885 2886 2887
2860 2888
2861
2862
2863
2864
2865
2866
2867
2868
2869
2870
2871
2872
2873
2874
2875
2876
2877
2878
2879
2880
2881
2882
2883
2884
2885
2886
2887
2888
2889 2890 2901
2890 2891
2891 2897 2892
2892 2912 2893
2893 2913 2894
2894 2896 2895
2895 2914 2915 2916
2896 2897 2917
2897 2898
2898 2899 2900
2899
2900
2901 2902 2911
2902 2904 2903
2903 2918
2904 2905 2919
2905 2920 2906
2906 2907 2911
2907 2921 2908
2908 2922 2909
2909 2923 2910
2910 2924 2911
2911
2912
2913
2914
2915
2916
2917
2918
2919
2920
2921
2922
2923
2924
2925 2937 2932 2926
2926 2928 2927
2927 2947
2928 2929 2948
2929 2930 2931
2930 2949
2931 2932 2950
2932 2933
2933 2934
2934 2939 2935
2935 2936 2937
2936 2951
2937 2938
2938
2939 2946 2940
2940 2952 2941
2941 2953 2942
2942 2944 2943
2943 2954
2944 2945 2946
2945 2955
2946 2956
2947
2948
2949
2950
2951
2952
2953
2954
2955
2956
2957 2959 2958 2967
2958
2959 2960 2961
2960
2961 2962 2963
2962
2963 2964 2965
2964
2965 2966 2967
2966
2967 2968
2968 2969
2969 2970 2971 2972
2970
2971
2972
2973 2974 2975
2974 2984 2985 2986
2975 2976 2980
2976 2977 2987
2977 2978 2988
2978 2979 2989
2979 2980 2990
2980 2981
2981 2982 2983
2982
2983
2984
2985
2986
2987
2988
2989
2990
2991 2992 3001 3002
2992 2993 3003
2993 2994 3004
2994 3000 2995
2995 2996 3005
2996 2997 3006
2997 2998 2999
2998
2999 3000
3000 3001
3001 3007
3002
3003
3004
3005
3006
3007
3008 3009
3009 3010 3018
3010 3011 3020 3019
3011 3012 3021 3022
3012 3017 3013
3013 3014 3023
3014 3024 3015
3015 3016 3025
3016 3017 3026
3017 3018
3018
3019
3020
3021
3022
3023
3024
3025
3026
3027 3033 3028 3037
3028 3029 3030
3029 3091 3092
3030 3093 3031
3031 3032 3086
3032 3033 3094
3033 3034
3034 3035 3095
3035 3081 3036
3036 3048 3037
3037 3038
3038 3039
3039 3040
3040 3041
3041 3042 3046
3042 3096 3043
3043 3049 3044
3044 3097 3045
3045 3098 3046
3046 3047
3047 3048
3048
3049 3050 3061
3050 3099 3051
3051 3052 3100
3052 3060 3053
3053 3054
3054 3055
3055 3056 3070
3056 3057 3062
3057 3058
3058 3059
3059 3060
3060 3061
3061 3101
3062 3068 3063
3063 3064 3065
3064 3102 3103
3065 3104 3066
3066 3067 3076
3067 3105 3068
3068 3069
3069 3106 3070
3070 3071
3071 3072 3073 3074
3072
3073
3074 3075
3075
3076 3077 3078 3079
3077
3078
3079 3080
3080
3081 3082 3083 3084
3082
3083
3084 3085
3085
3086 3088 3089 3087
3087
3088
3089 3090
3090
3091
3092
3093
3094
3095
3096
3097
3098
3099
3100
3101
3102
3103
3104
3105
3106
3107 3112 3108
3108 3109 3110 3111
3109 3113 3114 3115
3110 3116 3117 3118
3111 3120 3121 3119
3112
3113
3114
3115
3116
3117
3118
3119
3120
3121
3122 3129 3123 3124 3125
3123 3131 3132 3130
3124 3133 3134 3135
3125 3136 3137 3126
3126 3127
3127 3128
3128
3129
3130
3131
3132
3133
3134
3135
3136
3137
3138 3139 3140 3141
3139
3140
3141 3142 3143
3142
3143
3144 3145 3147 3149 3151
3145 3153 3146 3154
3146
3147 3148 3155 3156
3148
3149 3150 3157 3158
3150 3159
3151 3152 3160 3161
3152 3162
3153
3154
3155
3156
3157
3158
3159
3160
3161
3162
3163 3176 3177 3178 3164
3164 3165 3175
3165 3179 3166
3166 3168 3169 3167
3167 3180 3182 3181
3168 3184 3185 3183
3169 3170 3186
3170 3171 3175
3171 3187 3172
3172 3188 3173
3173 3189 3174
3174 3190 3175
3175
3176
3177
3178
3179
3180
3181
3182
3183
3184
3185
3186
3187
3188
3189
3190
3191 3192 3201 3194 3193
3192
3193
3194 3195 3219
3195 3200 3196
3196 3220 3197
3197 3221 3198
3198 3222 3199
3199 3200 3223
3200
3201 3202 3206
3202 3224 3203
3203 3225 3204
3204 3205 3207
3205 3226 3206
3206 3227
3207 3208
3208 3209
3209 3210 3215
3210 3211 3228
3211 3212 3229
3212 3213 3214
3213 3230
3214 3216 3215
3215 3231
3216 3217 3218
3217
3218 3232
3219
3220
3221
3222
3223
3224
3225
3226
3227
3228
3229
3230
3231
3232
3233 3256 3234 3245
3234 3235 3257
3235 3236 3258
3236 3244 3237
3237 3238 3239
3238
3239 3240
3240 3241 3259 3260
3241 3242 3261 3262
3242 3264 3243 3263
3243 3265 3267 3266
3244 3245 3246
3245 3268
3246 3248 3247
3247
3248 3249
3249 3250 3269 3270
3250 3251 3255
3251 3252 3271
3252 3272 3253
3253 3273 3254
3254 3274 3255
3255 3275
3256
3257
3258
3259
3260
3261
3262
3263
3264
3265
3266
3267
3268
3269
3270
3271
3272
3273
3274
3275
3276 3281 3277 3297
3277 3298 3278
3278 3299 3279
3279 3280 3300
3280 3281 3285
3281 3282
3282 3283 3301
3283 3284 3302
3284 3285 3286
3285
3286 3303 3287 3295
3287 3288 3289
3288
3289 3290 3294
3290 3304 3291
3291 3305 3292
3292 3306 3293
3293 3307 3294
3294 3295
3295 3296
3296
3297
3298
3299
3300
3301
3302
3303
3304
3305
3306
3307
3308 3313 3309 3318 3325
3309 3310
3310 3312 3311
3311
3312 3313 3317
3313 3314
3314 3315 3332
3315 3316 3333
3316 3317 3334
3317 3335
3318 3324 3319
3319 3336 3320
3320 3337 3321
3321 3322 3323
3322 3338
3323 3339 3324
3324 3340
3325 3331 3326
3326 3327 3341
3327 3328 3342
3328 3329 3330
3329 3343
3330 3344 3331
3331 3345
3332
3333
3334
3335
3336
3337
3338
3339
3340
3341
3342
3343
3344
3345
3346 3347 3354 3355 3348
3347 3356 3357 3358
3348 3353 3349
3349 3350 3359
3350 3360 3351
3351 3352 3361
3352 3353 3362
3353 3363
3354
3355
3356
3357
3358
3359
3360
3361
3362
3363
3364 3369 3370 3365
3365 3366 3367
3366
3367 3368 3371
3368 3372 3373
3369
3370
3371
3372
3373
3374 3379 3380 3375
3375 3376 3381
3376 3377
3377 3378 3382
3378 3379 3383
3379 3384
3380
3381
3382
3383
3384
3385 3386 3389 3390 3391
3386 3392 3393 3387
3387 3394 3395 3388
3388 3389
3389 3396 3397
3390
3391
3392
3393
3394
3395
3396
3397
3398 3400 3405 3406 3399
3399 3407
3400 3401 3404
3401 3408 3402
3402 3403 3409
3403 3404 3410
3404
3405
3406
3407
3408
3409
3410
3411 3412 3413 3421
3412
3413 3414 3415
3414 3423
3415 3416 3417
3416
3417 3418 3419
3418
3419 3420 3421
3420
3421 3422
3422
3423
3424 3425 3429 3430
3425 3426 3427
3426 3432 3431 3433
3427 3434 3428
3428 3435 3436
3429
3430
3431
3432
3433
3434
3435
3436
3437 3441 3442 3438
3438 3440 3439
3439 3443 3444 3445
3440 3448 3446 3447
3441
3442
3443
3444
3445
3446
3447
3448
3449 3450 3451
3450 3464 3462 3463
3451 3459 3452
3452 3465 3453
3453 3457 3454
3454 3466 3467 3455
3455 3456 3468
3456 3469 3470
3457 3458 3471
3458 3472 3459
3459 3460
3460 3461
3461 3473 3474 3475
3462
3463
3464
3465
3466
3467
3468
3469
3470
3471
3472
3473
3474
3475
3476 3481 3490 3477
3477 3492 3478
3478 3479 3493
3479 3480 3494
3480 3481 3495
3481 3482
3482 3483 3484
3483
3484 3489 3485
3485 3496 3486
3486 3497 3487
3487 3488 3498
3488 3489 3499
3489 3490
3490 3491
3491
3492
3493
3494
3495
3496
3497
3498
3499
3500 3501 3502 3503
3501 3550
3502
3503 3504 3552 3551
3504 3553 3547 3505
3505 3506 3555 3554
3506 3507 3508
3507
3508 3509
3509 3516 3556 3510
3510 3512 3511 3557
3511 3560 3558 3559
3512 3513 3562 3561
3513 3514 3563 3564
3514 3515 3565 3566
3515 3568 3569 3567
3516 3517 3570 3535
3517 3572 3571 3518
3518 3520 3519 3573
3519 3576 3574 3575
3520 3521 3578 3577
3521 3522 3523 3579
3522 3580
3523 3524 3581 3582
3524 3584 3525 3583
3525 3585 3586 3526
3526 3587 3588 3527
3527 3528 3529 3589
3528 3590
3529 3592 3530 3591
3530 3593 3531 3532
3531 3594
3532 3595 3533 3534
3533 3596 3597 3598
3534 3600 3599
3535 3536
3536 3537 3538
3537
3538 3601 3602 3539
3539 3544 3603 3540
3540 3604 3605 3541
3541 3542 3543
3542 3606
3543
3544 3545 3546
3545 3607
3546
3547 3548 3549
3548 3608
3549
3550
3551
3552
3553
3554
3555
3556
3557
3558
3559
3560
3561
3562
3563
3564
3565
3566
3567
3568
3569
3570
3571
3572
3573
3574
3575
3576
3577
3578
3579
3580
3581
3582
3583
3584
3585
3586
3587
3588
3589
3590
3591
3592
3593
3594
3595
3596
3597
3598
3599
3600
3601
3602
3603
3604
3605
3606
3607
3608
3609 3610
3610
3611 3616 3612 3613
3612
3613 3614 3615
3614
3615
3616
3617 3618
3618 3619 3621 3623
3619 3620
3620 3629 3630 3631
3621 3622
3622 3632 3633 3634
3623 3624
3624 3625 3635 3636
3625 3626 3627
3626
3627 3628 3637
3628 3640 3638 3639
3629
3630
3631
3632
3633
3634
3635
3636
3637
3638
3639
3640
3641 3656 3642 3646
3642 3643 3657
3643 3644 3658
3644 3659 3645
3645 3646 3647
3646 3660
3647 3648 3662 3661
3648 3664 3649 3663
3649 3665 3650
3650 3651 3652
3651 3666
3652 3667 3653
3653 3654 3655
3654 3668 3669
3655 3670
3656
3657
3658
3659
3660
3661
3662
3663
3664
3665
3666
3667
3668
3669
3670
3671 3672 3673 3684
3672
3673 3674 3675
3674
3675 3676 3677 3686
3676
3677 3683 3689 3678
3678 3690 3691 3679
3679 3680 3681 3692
3680
3681 3682 3683 3693
3682
3683 3684 3694
3684 3685 3686
3685
3686 3688 3687
3687
3688
3689
3690
3691
3692
3693
3694
3695 3696
3696 3697 3708 3709
3697 3698 3699
3698
3699 3700 3701
3700
3701 3709 3702 3703
3702
3703 3712 3704 3708
3704 3713 3705
3705 3714 3706
3706 3707 3715 3708
3707
3708 3716
3709 3710 3711
3710
3711
3712
3713
3714
3715
3716
3717 3721 3723 3718 3719
3718
3719 3720
3720 3728 3729 3730
3721 3722
3722 3731 3732 3733
3723 3724
3724 3725 3734
3725 3726 3727
3726
3727
3728
3729
3730
3731
3732
3733
3734
3735 3736 3747 3758 3759
3736 3760 3737 3761
3737 3738 3742
3738 3762 3739 3763
3739 3740 3741
3740
3741 3764
3742 3765 3766 3743
3743 3744 3745
3744
3745 3746
3746
3747 3753 3748
3748 3768 3749 3767
3749 3750 3751
3750
3751 3752
3752
3753 3769 3754 3770
3754 3755 3756
3755
3756 3757
3757
3758
3759
3760
3761
3762
3763
3764
3765
3766
3767
3768
3769
3770
3771 3779 3772 3773 3783
3772
3773 3774 3775
3774
3775 3776 3777
3776
3777 3778 3779 3782
3778
3779 3780 3781
3780
3781
3782 3786 3790 3783
3783 3784 3791
3784 3792 3785 3789
3785 3793 3786 3794
3786 3787 3795
3787 3788 3796 3789
3788 3789
3789 3797
3790
3791
3792
3793
3794
3795
3796
3797
3798 3808 3800 3810 3799
3799
3800 3801 3802 3811
3801
3802 3804 3803 3812
3803
3804 3813 3806 3805
3805
3806 3808 3814 3807
3807
3808 3809 3815
3809
3810
3811
3812
3813
3814
3815
3816 3817 3828
3817 3818 3826
3818 3819 3820
3819
3820 3832 3825 3821
3821 3833 3834 3822
3822 3835 3823
3823 3824 3836
3824 3825 3837 3838
3825 3826 3839
3826 3827
3827
3828 3829 3830 3831
3829
3830
3831
3832
3833
3834
3835
3836
3837
3838
3839
3840 3848 3841 3842 3854
3841
3842 3843 3844 3859
3843
3844 3856 3845 3846
3845
3846 3860 3853 3847
3847 3848 3852 3861
3848 3849 3862
3849 3850 3853 3863
3850 3864 3851 3852
3851 3852
3852 3865
3853 3866 3854
3854 3856 3855
3855
3856 3857 3858
3857
3858
3859
3860
3861
3862
3863
3864
3865
3866
3867 3868
3868 3881 3869
3869 3870 3871
3870
3871 3872 3873 3883
3872
3873 3880 3874 3886
3874 3875 3879 3887
3875 3888 3889 3876
3876 3880 3890 3877
3877 3891 3878 3879
3878 3879
3879 3892
3880 3893 3881
3881 3882 3883
3882
3883 3884 3885
3884
3885
3886
3887
3888
3889
3890
3891
3892
3893
3894 3896 3906 3902 3895
3895
3896 3897 3898
3897
3898 3899 3900
3899
3900 3905 3901 3902
3901
3902 3904 3903
3903
3904
3905 3913 3906 3909
3906 3914 3907
3907 3912 3915 3908
3908 3916 3909 3917
3909 3910 3918
3910 3912 3911 3919
3911 3912
3912 3920
3913
3914
3915
3916
3917
3918
3919
3920
3921 3922 3923 3924
3922
3923 3934
3924 3932 3925
3925 3926
3926 3928 3927
3927
3928 3929 3930
3929
3930 3931 3932
3931 3936 3935
3932 3933
3933
3934
3935
3936
3937 3944 3938 3956 3951
3938 3939 3957 3958
3939 3940 3941
3940
3941 3942
3942 3960 3943 3959
3943 3961 3962 3963
3944 3945
3945 3946 3947 3949
3946
3947 3948
3948 3964 3965 3966
3949 3950
3950 3968 3969 3967
3951 3952 3953
3952
3953 3954
3954 3955 3970 3971
3955 3972 3973 3974
3956
3957
3958
3959
3960
3961
3962
3963
3964
3965
3966
3967
3968
3969
3970
3971
3972
3973
3974
3975 3976 3987 3983
3976 3977 3978
3977
3978 3979 3988
3979 3980 3981
3980 3989 3990
3981 3982 3983
3982
3983 3984
3984 3985 3986
3985
3986 3991
3987
3988
3989
3990
3991
3992 3993
3993 3994 3998
3994 3995 4036
3995 3996 4014
3996 3997 4037
3997 3998 4038
3998 3999
3999 4000
4000 4001
4001 4002 4005 4039
4002 4003 4004
4003 4040 4041 4042
4004
4005 4006 4007
4006
4007 4008 4043
4008 4009 4013
4009 4010 4044
4010 4011 4045
4011 4012 4046
4012 4013 4047
4013 4048
4014 4035 4015
4015 4016 4049
4016 4017 4050
4017 4033 4018
4018 4019
4019 4020
4020 4024 4021 4051
4021 4022 4023
4022 4052 4054 4053
4023
4024 4025 4026
4025
4026 4027 4055
4027 4032 4028
4028 4056 4029
4029 4057 4030
4030 4058 4031
4031 4032 4059
4032 4060
4033 4034 4035
4034
4035 4061
4036
4037
4038
4039
4040
4041
4042
4043
4044
4045
4046
4047
4048
4049
4050
4051
4052
4053
4054
4055
4056
4057
4058
4059
4060
4061
4062 4063
4063 4064 4069
4064 4080 4065
4065 4081 4066 4082
4066 4067 4084 4083
4067 4068 4085 4086
4068 4088 4089 4087
4069 4090 4070
4070 4072 4073 4071
4071
4072
4073 4074 4079
4074 4075 4091
4075 4076 4092
4076 4077 4078
4077 4093 4094 4095
4078 4096 4079
4079 4097
4080
4081
4082
4083
4084
4085
4086
4087
4088
4089
4090
4091
4092
4093
4094
4095
4096
4097
4098 4112 4113 4099 4101
4099 4115 4100 4114
4100
4101 4106 4102
4102 4103 4116 4117
4103 4104 4118 4119
4104 4120 4105 4121
4105 4106
4106 4107 4108
4107
4108 4109 4122
4109 4124 4123 4110
4110 4111 4126 4125
4111
4112
4113
4114
4115
4116
4117
4118
4119
4120
4121
4122
4123
4124
4125
4126
4127 4128
4128 4129 4131 4133
4129 4130
4130 4146 4147 4148
4131 4132
4132 4149 4150 4151
4133 4134
4134 4137 4135
4135 4136 4152
4136
4137 4144 4138
4138 4139 4153
4139 4140 4141
4140
4141 4142 4143
4142
4143 4144 4154
4144 4145
4145
4146
4147
4148
4149
4150
4151
4152
4153
4154
4155 4160 4156 4175
4156 4178 4157
4157 4171 4158
4158 4179 4159
4159 4160 4168
4160 4161
4161 4162 4165
4162 4163 4180 4181
4163 4164 4182 4183
4164 4184 4185 4186
4165 4187 4188 4166
4166 4167 4190 4189
4167 4192 4193 4191
4168 4169 4170
4169
4170
4171 4172 4174 4173
4172
4173
4174
4175 4176 4177
4176
4177
4178
4179
4180
4181
4182
4183
4184
4185
4186
4187
4188
4189
4190
4191
4192
4193
4194 4195 4203 4211 4215
4195 4196 4202
4196 4216 4197
4197 4217 4198
4198 4201 4199
4199 4200
4200 4218 4219 4220
4201 4202 4221
4202 4222
4203 4204 4210
4204 4205 4223
4205 4224 4206
4206 4209 4207
4207 4208
4208 4225 4226 4227
4209 4210 4228
4210 4229
4211 4212 4213 4214
4212
4213
4214
4215
4216
4217
4218
4219
4220
4221
4222
4223
4224
4225
4226
4227
4228
4229
4230 4240 4236 4231
4231 4232 4241
4232 4233 4242
4233 4234 4243
4234 4235 4236
4235 4244 4245
4236 4237
4237 4238 4239
4238 4246
4239
4240
4241
4242
4243
4244
4245
4246
4247 4248 4258 4268 4269
4248 4256 4249
4249 4250 4251
4250
4251 4252 4253
4252
4253 4254 4270
4254 4256 4255
4255
4256 4257
4257 4271
4258 4266 4259
4259 4260 4261
4260
4261 4262 4263
4262
4263 4264 4272
4264 4265 4266
4265
4266 4267
4267 4273
4268
4269
4270
4271
4272
4273
4274 4276 4275 4284 4277
4275
4276
4277 4291 4278
4278 4280 4279
4279
4280 4281 4292
4281 4282 4293 4294
4282 4296 4283 4295
4283 4297 4299 4298
4284 4290 4285
4285 4300 4286
4286 4287 4301
4287 4288 4289
4288
4289 4290 4302
4290 4303
4291
4292
4293
4294
4295
4296
4297
4298
4299
4300
4301
4302
4303
4304 4305 4306 4307
4305 4315 4316
4306
4307 4314 4308
4308 4309 4317
4309 4310 4318
4310 4311
4311 4312 4314
4312 4320 4313 4319
4313 4321 4322 4323
4314 4324
4315
4316
4317
4318
4319
4320
4321
4322
4323
4324
4325 4328 4326 4327
4326 4334 4335
4327
4328 4329 4333
4329 4330
4330 4336 4331
4331 4337 4332
4332 4333
4333 4338
4334
4335
4336
4337
4338
4339 4344 4361 4340
4340 4362 4341
4341 4348 4342
4342 4363 4343
4343 4344 4364
4344 4345
4345 4346 4347
4346 4365 4366 4367
4347
4348 4349 4350 4351
4349
4350
4351 4352 4368
4352 4353 4354
4353
4354 4369 4355
4355 4360 4356 4370
4356 4371 4372 4357
4357 4358 4373 4374
4358 4376 4359 4375
4359 4360 4377 4378
4360 4379 4380
4361
4362
4363
4364
4365
4366
4367
4368
4369
4370
4371
4372
4373
4374
4375
4376
4377
4378
4379
4380
4381 4384 4395 4382 4383
4382
4383
4384 4385 4402
4385 4386 4387
4386
4387 4403 4388
4388 4394 4389
4389 4404 4405 4390
4390 4391 4406 4407
4391 4392 4408 4409
4392 4393 4410 4411
4393 4394 4412 4413
4394 4414 4415
4395 4401 4396
4396 4416 4397
4397 4417 4398
4398 4400 4399
4399 4418 4419 4420
4400 4401 4421
4401 4422
4402
4403
4404
4405
4406
4407
4408
4409
4410
4411
4412
4413
4414
4415
4416
4417
4418
4419
4420
4421
4422
4423 4424 4433 4439
4424 4425 4426
4425
4426 4440 4427
4427 4432 4441 4428
4428 4442 4429 4443
4429 4444 4445 4430
4430 4431 4446 4447
4431 4432 4448 4449
4432 4450 4451
4433 4434 4452 4438
4434 4435 4453 4454
4435 4456 4436 4455
4436 4457 4458 4437
4437 4460 4459 4438
4438 4462 4461
4439
4440
4441
4442
4443
4444
4445
4446
4447
4448
4449
4450
4451
4452
4453
4454
4455
4456
4457
4458
4459
4460
4461
4462
4463 4464 4465 4479
4464
4465 4466 4515 4516
4466 4467 4471
4467 4468 4517
4468 4469 4518
4469 4472 4470
4470 4471 4519
4471 4520
4472 4473 4476
4473 4521 4474 4522
4474 4475 4524 4523
4475
4476 4477 4526 4525
4477 4528 4478 4527
4478
4479 4480
4480 4496 4481 4529
4481 4482 4531 4530
4482 4483 4532 4533
4483 4496 4484 4534
4484 4493 4485 4535
4485 4536 4537 4486
4486 4538 4539 4487
4487 4488 4492
4488 4489 4540
4489 4490 4498
4490 4491 4541
4491 4492 4542
4492 4493
4493 4494 4543
4494 4544 4545 4495
4495 4496 4546 4547
4496 4497
4497 4548 4549 4550
4498 4499
4499 4500 4501
4500
4501 4552 4502 4551
4502 4507 4503
4503 4504 4553
4504 4505 4554
4505 4506 4508
4506 4507 4555
4507 4556
4508 4512 4509
4509 4510 4557 4558
4510 4560 4511 4559
4511
4512 4513 4562 4561
4513 4514 4563 4564
4514
4515
4516
4517
4518
4519
4520
4521
4522
4523
4524
4525
4526
4527
4528
4529
4530
4531
4532
4533
4534
4535
4536
4537
4538
4539
4540
4541
4542
4543
4544
4545
4546
4547
4548
4549
4550
4551
4552
4553
4554
4555
4556
4557
4558
4559
4560
4561
4562
4563
4564
4565 4609 4610 4611 4566
4566 4592 4588 4567
4567 4568 4612 4613
4568 4569 4614 4615
4569 4616 4570 4587
4570 4571
4571 4572 4573
4572
4573 4617 4618 4574
4574 4579 4575
4575 4576 4619
4576 4577 4620
4577 4578 4580
4578 4579 4621
4579 4622
4580 4584 4581
4581 4624 4582 4623
4582 4625 4626 4583
4583
4584 4627 4628 4585
4585 4586 4629 4630
4586
4587 4632 4588 4631
4588 4589
4589 4633 4590
4590 4634 4635 4591
4591 4592 4600 4636
4592 4593 4637
4593 4594 4638 4639
4594 4640 4641 4595
4595 4600 4596 4597
4596 4642 4643 4644
4597 4601 4645 4598
4598 4599 4646 4647
4599 4648 4649 4600
4600 4650
4601 4602 4651 4603
4602 4652 4653 4654
4603 4656 4604 4655
4604 4657 4658 4605
4605 4659 4660 4606
4606 4608 4607 4661
4607 4664 4662 4663
4608 4665 4666 4667
4609
4610
4611
4612
4613
4614
4615
4616
4617
4618
4619
4620
4621
4622
4623
4624
4625
4626
4627
4628
4629
4630
4631
4632
4633
4634
4635
4636
4637
4638
4639
4640
4641
4642
4643
4644
4645
4646
4647
4648
4649
4650
4651
4652
4653
4654
4655
4656
4657
4658
4659
4660
4661
4662
4663
4664
4665
4666
4667
4668 4669 4670 4671
4669
4670
4671 4672 4680
4672 4673 4674
4673
4674 4675 4676
4675
4676 4677 4678
4677
4678 4680 4679
4679
4680 4681
4681
4682 4683
4683 4684 4685
4684
4685 4686 4694
4686 4687 4695
4687 4688 4696
4688 4689 4697
4689 4690 4694
4690 4698 4691
4691 4699 4692
4692 4700 4693
4693 4701 4694
4694
4695
4696
4697
4698
4699
4700
4701
4702 4704 4705 4706 4703
4703 4707 4708 4709
4704
4705
4706
4707
4708
4709
4710 4712 4713 4714 4711
4711
4712
4713
4714 4715 4716 4717
4715
4716
4717
4718 4719
4719 4720 4721
4720 4733
4721 4722 4723 4734
4722 4736 4735
4723 4737 4738 4724
4724 4732 4725
4725 4739 4726
4726 4740 4727
4727 4728 4732
4728 4729 4741
4729 4730 4742
4730 4731 4743
4731 4744 4732
4732
4733
4734
4735
4736
4737
4738
4739
4740
4741
4742
4743
4744
4745 4746 4747 4749
4746 4750 4751
4747 4752 4748 4753
4748
4749
4750
4751
4752
4753
4754 4755
4755 4756 4757 4759
4756
4757 4760 4761 4758
4758
4759
4760
4761
4762 4764 4763 4780 4779
4763 4781 4782 4783
4764 4771 4765
4765 4766
4766 4768 4767
4767 4784 4785
4768 4769
4769 4770 4771
4770 4786 4787
4771 4772
4772 4778 4773
4773 4788 4774
4774 4775 4789
4775 4776 4777
4776
4777 4778 4790
4778 4791
4779
4780
4781
4782
4783
4784
4785
4786
4787
4788
4789
4790
4791
4792 4793 4803 4812 4811
4793 4794 4795 4813
4794 4816 4814 4815
4795 4802 4796
4796 4817 4818 4797
4797 4798 4799
4798
4799 4800 4819
4800 4801 4802
4801
4802 4820 4821
4803 4810 4804
4804 4805 4822 4823
4805 4806 4807
4806
4807 4808 4824
4808 4809 4810
4809
4810 4825 4826
4811
4812
4813
4814
4815
4816
4817
4818
4819
4820
4821
4822
4823
4824
4825
4826
4827 4841 4834 4828
4828 4833 4829
4829 4842 4830
4830 4843 4831
4831 4832 4844
4832 4833 4845
4833 4846
4834 4840 4835
4835 4836 4847
4836 4848 4837
4837 4838 4839
4838 4849 4850
4839 4840 4851
4840 4852
4841
4842
4843
4844
4845
4846
4847
4848
4849
4850
4851
4852
4853 4864 4865 4866 4854
4854 4856 4855
4855 4867 4868 4869
4856 4857 4870
4857 4858 4859
4858
4859 4872 4860 4871
4860 4873 4874 4861
4861 4862 4863
4862 4875
4863
4864
4865
4866
4867
4868
4869
4870
4871
4872
4873
4874
4875
4876 4892 4877 4878 4885
4877 4896
4878 4884 4879
4879 4880 4897
4880 4881 4898
4881 4882 4883
4882
4883 4899 4884
4884 4900
4885 4891 4886
4886 4887 4901
4887 4888 4902
4888 4889 4890
4889
4890 4891 4903
4891 4904
4892 4893 4894 4895
4893
4894
4895
4896
4897
4898
4899
4900
4901
4902
4903
4904
4905 4906 4926
4906 4912 4907
4907 4908 4927
4908 4928 4909
4909 4910 4911
4910
4911 4912 4929
4912 4913
4913 4914 4915
4914
4915 4930 4916
4916 4921 4917
4917 4931 4918
4918 4932 4919
4919 4920 4923
4920 4921 4933
4921 4922
4922
4923 4924 4925
4924
4925
4926
4927
4928
4929
4930
4931
4932
4933
4934 4936 4942 4935
4935 4956 4958 4957
4936 4937 4938
4937
4938 4939 4940
4939
4940 4941
4941 4946 4942
4942 4943
4943 4944 4959
4944 4960 4945
4945 4946 4947
4946 4961
4947 4948
4948 4953 4949 4950
4949
4950 4951
4951 4952 4962 4963
4952 4964 4965 4966
4953 4954
4954 4968 4955 4967
4955 4969 4971 4970
4956
4957
4958
4959
4960
4961
4962
4963
4964
4965
4966
4967
4968
4969
4970
4971
4972 4975 4973 4974 4983
4973 4984 4985 4986
4974 4988 4987 4989
4975 4976 4981 4990
4976 4992 4977 4991
4977 4993 4994 4978
4978 4980 4995 4979
4979 4996 4997 4998
4980 5000 4981 4999
4981 5001 4982
4982 5002
4983
4984
4985
4986
4987
4988
4989
4990
4991
4992
4993
4994
4995
4996
4997
4998
4999
5000
5001
5002
5003 5008 5019 5004
5004 5020 5005
5005 5012 5006
5006 5007 5021
5007 5008 5022
5008 5009
5009 5010 5011
5010 5024 5023 5025
5011 5026 5027 5028
5012 5013
5013 5014
5014 5016 5017 5015
5015
5016
5017 5018
5018
5019
5020
5021
5022
5023
5024
5025
5026
5027
5028
5029 5030
5030 5032 5035 5031
5031
5032 5033 5036 5037
5033 5034 5038
5034 5035 5039
5035 5040 5041
5036
5037
5038
5039
5040
5041
5042 5043
5043 5048 5044 5046
5044 5045
5045 5060 5058 5059
5046 5047
5047 5063 5062 5061
5048 5049
5049 5057 5050
5050 5064 5051
5051 5065 5052
5052 5053 5055
5053 5054
5054 5066 5067 5068
5055 5056 5057
5056 5071 5069 5070
5057 5072
5058
5059
5060
5061
5062
5063
5064
5065
5066
5067
5068
5069
5070
5071
5072
5073 5089 5074 5082
5074 5075 5081
5075 5076
5076 5077 5078
5077
5078 5079
5079 5080 5081
5080
5081
5082 5083 5087
5083 5090 5084
5084 5091 5085
5085 5092 5086
5086 5087 5093
5087 5088
5088
5089
5090
5091
5092
5093
5094 5105 5101 5095
5095 5096 5106
5096 5097 5107
5097 5098 5099
5098 5108 5109 5110
5099 5100 5101
5100 5112 5111
5101 5102
5102 5104 5103
5103
5104
5105
5106
5107
5108
5109
5110
5111
5112
5113 5122 5114 5126
5114 5115 5127
5115 5128 5116
5116 5120 5117
5117 5118 5119
5118
5119 5129
5120 5121 5122
5121 5130 5131
5122 5123
5123 5124 5125
5124
5125
5126
5127
5128
5129
5130
5131
5132 5136 5133 5134 5135
5133
5134
5135
5136
5137 5138 5139 5143
5138 5152 5151
5139 5140 5153
5140 5147 5141
5141 5154 5142
5142 5155 5143
5143 5144
5144 5145
5145 5146 5156 5157
5146 5160 5158 5159
5147 5148 5161
5148 5149 5150
5149 5164 5162 5163
5150
5151
5152
5153
5154
5155
5156
5157
5158
5159
5160
5161
5162
5163
5164
5165 5172 5166 5174
5166 5167 5175
5167 5168 5169
5168 5176 5177
5169 5170 5178
5170 5171 5172
5171
5172 5173
5173 5180 5179
5174
5175
5176
5177
5178
5179
5180
5181 5182
5182 5184 5183
5183
5184 5185 5194
5185 5186 5187
5186
5187 5188 5189
5188
5189 5192 5190
5190 5191
5191 5196 5198 5197
5192 5193 5194
5193
5194 5195
5195
5196
5197
5198
5199 5200
5200 5201 5202
5201
5202 5210 5203
5203 5211 5204
5204 5212 5205
5205 5209 5206
5206 5207
5207 5208 5213
5208 5209 5214
5209 5210
5210 5215
5211
5212
5213
5214
5215
5216 5240 5217 5228 5241
5217 5218
5218 5242 5219 5243
5219 5220 5244 5245
5220 5221
5221 5222 5246 5247
5222 5248 5249 5223
5223 5224
5224 5225 5250 5251
5225 5226 5252 5253
5226 5227 5254 5255
5227 5256 5257 5258
5228 5236 5229
5229 5259 5230
5230 5234 5231
5231 5232
5232 5233 5260 5261
5233 5234
5234 5235
5235 5236 5262
5236 5237
5237 5264 5238 5263
5238 5265 5266 5239
5239 5267 5268 5269
5240
5241
5242
5243
5244
5245
5246
5247
5248
5249
5250
5251
5252
5253
5254
5255
5256
5257
5258
5259
5260
5261
5262
5263
5264
5265
5266
5267
5268
5269
5270 5275 5284 5271
5271 5272 5285
5272 5280 5273
5273 5274 5286
5274 5275 5287
5275 5276
5276 5277 5278
5277
5278 5279
5279 5288 5289 5290
5280 5281 5282
5281
5282 5283
5283 5291 5292 5293
5284
5285
5286
5287
5288
5289
5290
5291
5292
5293
5294 5299 5307 5295
5295 5296 5308
5296 5297 5309
5297 5298 5310
5298 5299 5311
5299 5300
5300 5301
5301 5306 5302
5302 5312 5303
5303 5304 5313
5304 5305 5314
5305 5306 5315
5306 5307
5307
5308
5309
5310
5311
5312
5313
5314
5315
5316 5322 5331 5317
5317 5332 5318
5318 5320 5319
5319
5320 5321 5333
5321 5322 5334
5322 5323
5323 5324
5324 5330 5325
5325 5326 5335
5326 5328 5327
5327
5328 5336 5329
5329 5337 5330
5330 5331
5331
5332
5333
5334
5335
5336
5337
5338 5360 5361 5339 5351
5339 5340 5362 5341
5340 5364 5365 5363
5341 5342 5343
5342
5343 5344 5366 5367
5344 5368 5345 5369
5345 5346 5371 5370
5346 5347 5372 5373
5347 5348 5374 5375
5348 5376 5377 5349
5349 5378 5379 5350
5350 5380 5381 5382
5351 5352 5359
5352 5353 5383
5353 5384 5354
5354 5355 5358
5355 5356
5356 5385 5386 5357
5357 5358
5358 5359
5359 5387
5360
5361
5362
5363
5364
5365
5366
5367
5368
5369
5370
5371
5372
5373
5374
5375
5376
5377
5378
5379
5380
5381
5382
5383
5384
5385
5386
5387
5388 5402 5412 5389 5413
5389 5390 5414 5415
5390 5391
5391 5392 5401 5416
5392 5393
5393 5394 5395 5398
5394
5395 5396
5396 5417 5418 5397
5397 5420 5419 5421
5398 5399
5399 5400 5422 5423
5400 5424 5425 5426
5401 5403 5402 5427
5402
5403 5404
5404 5409 5405 5406
5405
5406 5407
5407 5408 5428 5429
5408 5432 5431 5430
5409 5410
5410 5434 5411 5433
5411 5435 5436 5437
5412
5413
5414
5415
5416
5417
5418
5419
5420
5421
5422
5423
5424
5425
5426
5427
5428
5429
5430
5431
5432
5433
5434
5435
5436
5437
5438 5439 5445 5447
5439 5440 5448
5440 5441 5442
5441 5449 5450
5442 5443 5451
5443 5444 5445
5444 5452 5453 5454
5445 5446
5446 5456 5455
5447
5448
5449
5450
5451
5452
5453
5454
5455
5456
5457 5458 5459 5461
5458
5459 5464 5460
5460 5465 5467 5466
5461 5462 5463
5462 5468 5470 5469
5463 5472 5473 5471
5464
5465
5466
5467
5468
5469
5470
5471
5472
5473
5474 5489 5482 5475 5493
5475 5481 5476
5476 5477 5494
5477 5478 5495
5478 5480 5479
5479
5480 5496 5481
5481 5497
5482 5488 5483
5483 5484 5498
5484 5499 5485
5485 5486 5487
5486
5487 5488 5500
5488 5501
5489 5491 5492 5490
5490
5491
5492
5493
5494
5495
5496
5497
5498
5499
5500
5501
5502 5503
5503 5504 5505 5520
5504
5505 5521 5506 5513
5506 5512 5507
5507 5508 5522
5508 5523 5509
5509 5510 5511
5510
5511 5512 5524
5512 5525
5513 5514 5519
5514 5515 5526
5515 5516 5527
5516 5517 5518
5517
5518 5528 5519
5519 5529
5520
5521
5522
5523
5524
5525
5526
5527
5528
5529
5530 5538 5531 5535
5531 5539 5532
5532 5533 5534
5533 5540 5541
5534
5535 5536 5537
5536 5542 5543
5537
5538
5539
5540
5541
5542
5543
5544 5552 5545 5560
5545 5546 5556
5546 5547 5561
5547 5548 5562
5548 5552 5549
5549 5550
5550 5563 5564 5551
5551 5566 5565 5567
5552 5553
5553 5554 5555
5554
5555
5556 5568 5557
5557 5558 5559
5558
5559 5569 5570 5571
5560
5561
5562
5563
5564
5565
5566
5567
5568
5569
5570
5571
5572 5573
5573 5595 5574
5574 5579 5575
5575 5576 5598
5576 5577 5599
5577 5600 5578
5578 5579 5601
5579 5580
5580 5596 5581
5581 5602 5582
5582 5603 5583
5583 5584 5597
5584 5585 5586
5585
5586 5587 5591
5587 5588 5604
5588 5589 5605
5589 5590 5606
5590 5591 5607
5591 5592
5592 5593 5597
5593 5608 5594
5594 5595 5609
5595 5596
5596 5597
5597
5598
5599
5600
5601
5602
5603
5604
5605
5606
5607
5608
5609
5610 5624 5617 5611 5629
5611 5612 5630 5631
5612 5613 5614
5613
5614 5615
5615 5632 5633 5616
5616 5634 5635 5636
5617 5618
5618 5619 5620 5622
5619
5620 5621
5621 5637 5638 5639
5622 5623
5623 5640 5641 5642
5624 5625 5626
5625
5626 5627
5627 5628 5643 5644
5628 5645 5646 5647
5629
5630
5631
5632
5633
5634
5635
5636
5637
5638
5639
5640
5641
5642
5643
5644
5645
5646
5647
5648 5649 5650 5651 5653
5649 5660 5661 5662
5650 5664 5663 5665
5651 5652
5652 5667 5666 5668
5653 5669 5654
5654 5655
5655 5656
5656 5657 5658
5657
5658 5659 5670
5659 5672 5673 5671
5660
5661
5662
5663
5664
5665
5666
5667
5668
5669
5670
5671
5672
5673
5674 5675 5685
5675 5681 5676
5676 5677 5693
5677 5678 5679
5678 5696 5694 5695
5679 5680
5680 5681 5682
5681
5682 5697 5683 5684
5683 5699 5700 5698
5684 5701 5702 5703
5685 5690 5686 5687
5686
5687 5688
5688 5704 5689 5705
5689 5706 5707 5708
5690 5691
5691 5692 5709 5710
5692 5712 5713 5711
5693
5694
5695
5696
5697
5698
5699
5700
5701
5702
5703
5704
5705
5706
5707
5708
5709
5710
5711
5712
5713
5714 5715 5716 5717 5725
5715
5716
5717 5732 5718
5718 5724 5719
5719 5720 5721
5720 5735 5733 5734
5721 5722 5723
5722 5736 5738 5737
5723 5724
5724
5725 5731 5726
5726 5739 5727
5727 5728 5740
5728 5729 5730
5729 5741 5742
5730 5731 5743
5731 5744
5732
5733
5734
5735
5736
5737
5738
5739
5740
5741
5742
5743
5744
5745 5753 5746 5747 5759
5746 5765
5747 5752 5748
5748 5749 5766
5749 5750 5767
5750 5768 5751
5751 5752 5769
5752 5770
5753 5754 5758
5754 5771 5755
5755 5756 5772
5756 5773 5757
5757 5758 5774
5758 5775
5759 5760 5764
5760 5776 5761
5761 5777 5762
5762 5778 5763
5763 5779 5764
5764 5780
5765
5766
5767
5768
5769
5770
5771
5772
5773
5774
5775
5776
5777
5778
5779
5780
5781 5782
5782 5787 5783
5783 5784 5794 5795
5784 5785 5786
5785 5796 5797 5798
5786 5787
5787 5788
5788 5793 5789
5789 5790 5799
5790 5800 5791
5791 5792 5801
5792 5793 5802
5793 5803
5794
5795
5796
5797
5798
5799
5800
5801
5802
5803
5804 5816 5817 5805
5805 5806 5815
5806 5818 5807
5807 5808 5819
5808 5809 5820
5809 5810 5815
5810 5811 5812
5811 5821 5822
5812 5813 5823
5813 5824 5814
5814 5825 5815
5815
5816
5817
5818
5819
5820
5821
5822
5823
5824
5825
5826 5833 5827 5835
5827 5828 5836
5828 5829 5830
5829 5837 5838 5839
5830 5832 5831
5831
5832 5840 5833
5833 5834
5834 5842 5841
5835
5836
5837
5838
5839
5840
5841
5842
5843 5857 5844 5847
5844 5845 5854
5845 5846
5846 5848 5847
5847
5848 5849 5858
5849 5850 5851
5850
5851 5859 5852
5852 5860 5853 5861
5853 5864 5862 5863
5854 5856 5855
5855
5856
5857
5858
5859
5860
5861
5862
5863
5864
5865 5866
5866 5867 5869
5867 5881 5868
5868 5882 5884 5883
5869 5870
5870 5880 5871
5871 5872 5885
5872 5873 5874
5873 5888 5886 5887
5874 5875 5878
5875 5876 5877
5876 5889 5890 5891
5877 5892 5893 5894
5878 5880 5879
5879 5896 5897 5895
5880 5898
5881
5882
5883
5884
5885
5886
5887
5888
5889
5890
5891
5892
5893
5894
5895
5896
5897
5898
5899 5900 5909 5903
5900 5901 5902
5901 5910 5911
5902
5903 5904 5908
5904 5912 5905
5905 5913 5906
5906 5914 5907
5907 5915 5908
5908 5916
5909
5910
5911
5912
5913
5914
5915
5916
5917 5920 5921 5918 5919
5918 5933 5934 5935
5919 5936 5937 5938
5920 5939 5940 5941
5921 5922 5927
5922 5923 5942
5923 5924 5925
5924 5944 5945 5943
5925 5946 5926
5926 5929 5927
5927 5928
5928 5947
5929 5930 5931 5932
5930 5948 5949 5950
5931 5952 5951 5953
5932 5954 5955 5956
5933
5934
5935
5936
5937
5938
5939
5940
5941
5942
5943
5944
5945
5946
5947
5948
5949
5950
5951
5952
5953
5954
5955
5956
5957 5960 5958 5959
5958 5970 5971 5972
5959 5973 5974 5975
5960 5961 5962
5961
5962 5963
5963 5964
5964 5965
5965 5966 5967
5966
5967 5968 5969
5968 5976 5977 5978
5969 5979 5980 5981
5970
5971
5972
5973
5974
5975
5976
5977
5978
5979
5980
5981
5982 5984 5985 6002 5983
5983
5984
5985 5986 6003 5994
5986 5987 5993
5987 5988 6004
5988 5989 6005
5989 5992 5990
5990 5991 6006 6007
5991 6008 6009 6010
5992 5993 6011
5993 6012
5994 5995 6001
5995 5996 6013
5996 5997 6014
5997 6000 5998
5998 6016 5999 6015
5999 6017 6018 6019
6000 6001 6020
6001 6021
6002
6003
6004
6005
6006
6007
6008
6009
6010
6011
6012
6013
6014
6015
6016
6017
6018
6019
6020
6021
6022 6023
6023 6024 6026 6028
6024 6025
6025 6040 6038 6039
6026 6027
6027 6041 6043 6042
6028 6029
6029 6034 6030
6030 6044 6031
6031 6032 6045
6032 6033 6035
6033 6034 6046
6034 6047
6035 6036 6037
6036
6037
6038
6039
6040
6041
6042
6043
6044
6045
6046
6047
6048 6056 6049 6051 6055
6049 6057 6050 6058
6050
6051 6052 6053 6054
6052 6060 6059 6061
6053 6064 6062 6063
6054 6065 6066 6067
6055
6056
6057
6058
6059
6060
6061
6062
6063
6064
6065
6066
6067
6068 6069 6078 6079
6069 6080 6070
6070 6081 6071
6071 6072 6077
6072 6073 6074
6073
6074 6075
6075 6076 6077
6076
6077 6078
6078 6082
6079
6080
6081
6082
6083 6084 6085 6086
6084 6096 6095
6085
6086 6091 6087
6087 6088 6097
6088 6089 6098
6089 6090 6099
6090 6091 6100
6091 6092
6092 6093 6094
6093 6101 6102
6094
6095
6096
6097
6098
6099
6100
6101
6102
6103 6104
6104 6105
6105 6106
6106
6107 6108 6116 6117 6118
6108 6114 6109
6109 6110 6119
6110 6112 6111
6111
6112 6120 6113
6113 6121 6114
6114 6115
6115 6123 6122
6116
6117
6118
6119
6120
6121
6122
6123
6124 6129 6125 6127
6125 6140 6141 6126
6126 6144 6142 6143
6127 6128 6145 6146
6128 6147 6148 6149
6129 6130 6131
6130
6131 6132
6132 6133
6133 6134 6135
6134
6135 6136 6138
6136 6137 6150 6151
6137 6152 6153 6154
6138 6139 6155 6156
6139 6157 6158 6159
6140
6141
6142
6143
6144
6145
6146
6147
6148
6149
6150
6151
6152
6153
6154
6155
6156
6157
6158
6159
6160 6161 6165 6169
6161 6162 6174
6162 6163 6175
6163 6176 6164
6164 6177 6165
6165 6166
6166 6178 6167
6167 6168 6179
6168 6169 6180
6169 6170
6170 6171 6181
6171 6172 6182 6183
6172 6184 6185 6173
6173 6186 6187
6174
6175
6176
6177
6178
6179
6180
6181
6182
6183
6184
6185
6186
6187
6188 6194 6189 6199
6189 6200 6190
6190 6192 6191
6191 6201 6202
6192 6193 6196
6193 6194 6203
6194 6195
6195 6204 6205
6196 6197 6198
6197
6198
6199
6200
6201
6202
6203
6204
6205
6206 6217 6213 6207
6207 6208 6218
6208 6209 6211
6209 6210
6210 6219 6220 6221
6211 6212 6222
6212 6213 6215
6213 6214
6214 6224 6223
6215 6216
6216 6225 6226 6227
6217
6218
6219
6220
6221
6222
6223
6224
6225
6226
6227
6228 6233 6229 6231
6229 6230 6237 6238
6230 6240 6241 6239
6231 6232 6242 6243
6232 6244 6245 6246
6233 6234 6235
6234
6235 6236
6236
6237
6238
6239
6240
6241
6242
6243
6244
6245
6246
6247 6248 6249 6251 6253
6248
6249 6250 6259 6260
6250 6261 6262 6263
6251 6264 6265 6252
6252 6266 6268 6267
6253 6255 6254
6254
6255 6256 6269
6256 6257 6258
6257 6270 6271
6258
6259
6260
6261
6262
6263
6264
6265
6266
6267
6268
6269
6270
6271
6272 6280 6273 6278
6273 6281 6274
6274 6275 6276
6275 6283 6282
6276 6284 6277
6277 6285 6278
6278 6279
6279 6286 6287
6280
6281
6282
6283
6284
6285
6286
6287
6288 6289 6315 6316 6294
6289 6290 6317 6318
6290 6292 6299 6291
6291 6320 6321 6319
6292 6296 6293 6322
6293 6324 6323 6294
6294 6295 6325
6295 6326
6296 6328 6297 6327
6297 6329 6298 6330
6298 6331 6299 6307
6299 6300 6332
6300 6301 6334 6333
6301 6336 6302 6335
6302 6304 6307 6303
6303 6337 6338 6339
6304 6305 6308 6340
6305 6306 6341 6342
6306 6344 6307 6343
6307 6345
6308 6346 6309 6310
6309 6348 6347 6349
6310 6311 6350 6351
6311 6312 6352 6353
6312 6313 6314
6313 6354
6314
6315
6316
6317
6318
6319
6320
6321
6322
6323
6324
6325
6326
6327
6328
6329
6330
6331
6332
6333
6334
6335
6336
6337
6338
6339
6340
6341
6342
6343
6344
6345
6346
6347
6348
6349
6350
6351
6352
6353
6354
6355 6369 6356 6359
6356 6357 6358
6357 6372 6370 6371
6358
6359 6360 6364
6360 6361 6373
6361 6362 6374
6362 6363 6365
6363 6364 6375
6364 6376
6365 6366 6367
6366
6367 6368 6377 6378
6368
6369
6370
6371
6372
6373
6374
6375
6376
6377
6378
6379 6380 6387 6388 6381
6380
6381 6386 6382
6382 6383 6389
6383 6384 6390
6384 6385 6391
6385 6392 6386
6386
6387
6388
6389
6390
6391
6392
6393 6394 6395
6394 6403
6395 6402 6396
6396 6404 6397
6397 6405 6398
6398 6401 6399
6399 6400
6400 6406
6401 6402 6407
6402 6408
6403
6404
6405
6406
6407
6408
6409 6410
6410 6411 6412
6411
6412 6419 6413
6413 6420 6414
6414 6415 6421
6415 6416 6417
6416 6423 6422
6417 6418 6419
6418 6424 6425
6419 6426
6420
6421
6422
6423
6424
6425
6426
6427 6432 6428 6436 6440
6428 6444 6429 6445
6429 6430 6446 6447
6430 6448 6449 6431
6431 6450 6451 6452
6432 6433 6453 6454
6433 6456 6434 6455
6434 6458 6435 6457
6435 6459 6460 6461
6436 6437
6437 6438 6439
6438 6464 6462 6463
6439
6440 6441
6441 6442 6443
6442 6466 6467 6465
6443
6444
6445
6446
6447
6448
6449
6450
6451
6452
6453
6454
6455
6456
6457
6458
6459
6460
6461
6462
6463
6464
6465
6466
6467
6468 6475 6469 6486
6469 6470 6487
6470 6472 6471
6471
6472 6488 6473
6473 6474 6475
6474
6475 6476
6476 6477
6477 6482 6478
6478 6489 6479
6479 6480 6490
6480 6481 6483
6481 6482 6491
6482 6492
6483 6484 6485
6484
6485
6486
6487
6488
6489
6490
6491
6492
6493 6498 6501 6494
6494 6502 6495
6495 6496 6503
6496 6504 6497
6497 6505 6498
6498 6499
6499 6500 6506
6500 6508 6507
6501
6502
6503
6504
6505
6506
6507
6508
6509 6510 6518 6519
6510 6516 6511
6511 6512 6520
6512 6513 6514
6513
6514 6521 6515
6515 6516 6522
6516 6517
6517 6524 6523 6525
6518
6519
6520
6521
6522
6523
6524
6525
6526 6531 6527
6527 6528 6529 6535
6528 6536 6537 6538
6529 6530 6539 6540
6530
6531 6532 6533 6541
6532 6544 6542 6543
6533 6545 6546 6534
6534
6535
6536
6537
6538
6539
6540
6541
6542
6543
6544
6545
6546
6547 6561 6554 6548 6566
6548 6568 6549 6567
6549 6550 6551
6550
6551 6552
6552 6553 6570 6569
6553 6571 6572 6573
6554 6555
6555 6556 6557 6559
6556
6557 6558
6558 6576 6574 6575
6559 6560
6560 6577 6578 6579
6561 6562 6563
6562
6563 6564
6564 6580 6565 6581
6565 6584 6582 6583
6566
6567
6568
6569
6570
6571
6572
6573
6574
6575
6576
6577
6578
6579
6580
6581
6582
6583
6584
6585 6586
6586 6587 6598
6587 6601 6588
6588 6593 6589
6589 6602 6590
6590 6603 6591
6591 6592 6604
6592 6593 6594
6593 6605
6594 6595 6596 6597
6595
6596
6597
6598 6600 6599
6599 6608 6606 6607
6600 6609 6610 6611
6601
6602
6603
6604
6605
6606
6607
6608
6609
6610
6611
6612 6619 6613 6614
6613 6621 6622
6614 6615 6623
6615 6624 6616
6616 6625 6617
6617 6618 6619
6618 6626 6627
6619 6620
6620 6628 6629 6630
6621
6622
6623
6624
6625
6626
6627
6628
6629
6630
6631 6632 6636 6638
6632 6633 6639
6633 6640 6634
6634 6635 6641
6635 6636 6637
6636 6642
6637 6643
6638
6639
6640
6641
6642
6643
6644 6649 6660 6645
6645 6661 6646
6646 6662 6647
6647 6648 6663
6648 6649 6650
6649 6664
6650 6665 6651 6652
6651 6666
6652 6653 6654
6653
6654 6659 6655
6655 6656 6667
6656 6657 6668
6657 6658 6669
6658 6659 6670
6659 6671
6660
6661
6662
6663
6664
6665
6666
6667
6668
6669
6670
6671
6672 6673 6690
6673 6674
6674 6675 6684
6675 6676 6677
6676 6701
6677 6678 6702
6678 6679 6703
6679 6680 6684
6680 6704 6681
6681 6682 6685
6682 6683 6705
6683 6684 6706
6684
6685 6688 6686 6687
6686
6687
6688 6689
6689
6690 6691 6695
6691 6707 6692
6692 6708 6693
6693 6696 6694
6694 6695 6709
6695 6710
6696 6697 6698 6699
6697
6698
6699 6700
6700
6701
6702
6703
6704
6705
6706
6707
6708
6709
6710
6711 6712 6716 6740
6712 6713 6741
6713 6714 6742
6714 6715 6743
6715 6716 6717
6716 6744
6717 6718
6718 6719
6719 6720 6729
6720 6721 6722
6721 6745
6722 6746 6723
6723 6747 6724
6724 6729 6725
6725 6748 6726
6726 6727 6735
6727 6728 6749
6728 6729 6730
6729
6730 6731 6732 6733
6731
6732
6733 6734
6734
6735 6736 6737 6738
6736
6737
6738 6739
6739
6740
6741
6742
6743
6744
6745
6746
6747
6748
6749
6750 6751 6759
6751 6752 6776 6777
6752 6753 6778 6755
6753 6754 6779 6780
6754 6781 6782 6783
6755 6784 6785 6756
6756 6786 6787 6757
6757 6788 6789 6758
6758 6792 6790 6791
6759 6760 6761
6760
6761 6793 6794 6762
6762 6795 6796 6763
6763 6764 6797 6798
6764 6800 6765 6799
6765 6766 6767
6766
6767 6768
6768 6801 6802 6769
6769 6770 6803 6772
6770 6771 6804 6805
6771 6808 6806 6807
6772 6809 6810 6773
6773 6811 6812 6774
6774 6775 6813 6814
6775 6816 6817 6815
6776
6777
6778
6779
6780
6781
6782
6783
6784
6785
6786
6787
6788
6789
6790
6791
6792
6793
6794
6795
6796
6797
6798
6799
6800
6801
6802
6803
6804
6805
6806
6807
6808
6809
6810
6811
6812
6813
6814
6815
6816
6817
6818 6819
6819 6825 6820
6820 6826 6827 6821
6821 6828 6829 6822
6822 6823 6830 6831
6823 6824 6832 6833
6824 6825 6834 6835
6825 6836
6826
6827
6828
6829
6830
6831
6832
6833
6834
6835
6836
6837 6848 6838 6847
6838 6839 6845
6839 6840 6841
6840
6841 6849 6842
6842 6843 6844
6843 6850 6851
6844 6852 6845
6845 6846
6846
6847
6848
6849
6850
6851
6852
6853 6880 6881 6854
6854 6886 6855
6855 6856 6887
6856 6857 6875
6857 6858
6858 6859
6859 6860 6868
6860 6888 6861
6861 6862 6870
6862 6867 6863
6863 6864 6889
6864 6865 6890
6865 6866 6891
6866 6867 6892
6867 6868
6868 6869
6869 6893
6870 6872 6873 6871
6871
6872
6873 6874
6874
6875 6880 6876
6876 6877 6894
6877 6878 6895
6878 6896 6879
6879 6880 6897
6880
6881 6882 6883 6884
6882
6883
6884 6885
6885
6886
6887
6888
6889
6890
6891
6892
6893
6894
6895
6896
6897
6898 6906 6899 6910
6899 6900 6911
6900 6904 6901
6901 6912 6913 6902
6902 6914 6903
6903 6915 6916
6904 6905 6917
6905 6906 6908
6906 6907
6907 6918
6908 6909
6909 6920 6921 6919
6910
6911
6912
6913
6914
6915
6916
6917
6918
6919
6920
6921
6922 6923 6924 6925
6923 6926 6927
6924
6925
6926
6927
6928 6929 6933 6934
6929 6930 6941
6930 6931 6942
6931 6932 6943
6932 6944 6933
6933 6945
6934 6939 6935
6935 6936 6946
6936 6937 6947
6937 6938 6948
6938 6939 6949
6939 6940
6940 6950 6951
6941
6942
6943
6944
6945
6946
6947
6948
6949
6950
6951
6952 6953 6973 6975
6953 6954 6955
6954 6976
6955 6956 6977
6956 6972 6957
6957 6978 6958
6958 6979 6959
6959 6960 6980 6981
6960 6961 6983 6982
6961 6984 6962 6985
6962 6963 6964
6963
6964 6987 6986 6965
6965 6988 6989 6966
6966 6967 6990 6991
6967 6968 6969 6992
6968 6993 6994 6995
6969 6970
6970 6971 6972
6971
6972 6973
6973 6974
6974 6996
6975
6976
6977
6978
6979
6980
6981
6982
6983
6984
6985
6986
6987
6988
6989
6990
6991
6992
6993
6994
6995
6996
6997 7009 7003 6998 6999
6998 7010
6999 7000 7001 7011
7000 7012
7001 7002 7013 7014
7002 7015
7003 7016 7004 7005
7004 7017
7005 7018 7006 7007
7006 7019
7007 7008 7020 7021
7008 7022
7009
7010
7011
7012
7013
7014
7015
7016
7017
7018
7019
7020
7021
7022
7023 7024 7025 7030
7024 7035
7025 7026 7027
7026 7036
7027 7028 7029
7028
7029 7030
7030 7037 7031
7031 7032 7033 7038
7032 7039
7033 7040 7041 7034
7034 7042
7035
7036
7037
7038
7039
7040
7041
7042
7043 7049 7051 7044
7044 7052 7045
7045 7053 7046
7046 7054 7047
7047 7048 7049
7048
7049 7050
7050
7051
7052
7053
7054
7055 7056 7057 7058 7060
7056 7063 7061 7062
7057
7058 7064 7065 7059
7059
7060
7061
7062
7063
7064
7065
7066 7067 7069 7070
7067 7068 7071
7068 7072 7073 7074
7069
7070
7071
7072
7073
7074
7075 7080 7076 7077 7079
7076
7077 7081 7082 7078
7078 7083
7079
7080
7081
7082
7083
7084 7085 7094 7095
7085 7096 7086
7086 7088 7087
7087 7097
7088 7089 7093
7089 7090
7090 7098 7091
7091 7099 7092
7092 7100 7093
7093 7094
7094 7101
7095
7096
7097
7098
7099
7100
7101
7102 7103 7116 7111
7103 7104 7117
7104 7105 7109
7105 7106 7118
7106 7120 7107 7119
7107 7121 7108 7122
7108 7123
7109 7113 7110
7110 7124 7111
7111 7112
7112 7125 7126
7113 7114 7115
7114
7115
7116
7117
7118
7119
7120
7121
7122
7123
7124
7125
7126
7127 7128
7128 7129 7130 7131
7129
7130
7131
7132 7138 7133 7134
7133
7134 7135
7135 7136 7150 7151
7136 7152 7137
7137 7153 7154
7138 7139 7143
7139 7155 7140
7140 7156 7141
7141 7157 7142
7142 7158 7143
7143 7144
7144 7145 7146
7145
7146 7147
7147 7160 7148 7159
7148 7161 7149
7149 7162 7163
7150
7151
7152
7153
7154
7155
7156
7157
7158
7159
7160
7161
7162
7163
7164 7184 7173 7165
7165 7185 7166
7166 7171 7167
7167 7168 7186
7168 7169 7187 7188
7169 7170 7189 7190
7170 7191
7171 7172 7181
7172 7192 7173
7173 7174
7174 7178 7175
7175 7176 7193 7194
7176 7177 7195 7196
7177 7197
7178 7179 7198 7199
7179 7200 7201 7180
7180 7202
7181 7182 7183
7182
7183
7184
7185
7186
7187
7188
7189
7190
7191
7192
7193
7194
7195
7196
7197
7198
7199
7200
7201
7202
7203 7233 7234 7235 7204
7204 7236 7205 7206
7205
7206 7208 7237 7207
7207
7208 7209 7238 7239
7209 7240 7210 7241
7210 7242 7243 7211
7211 7212 7244 7213
7212
7213 7245 7246 7214
7214 7248 7215 7247
7215 7216 7249 7250
7216 7217 7218 7251
7217
7218 7219 7252 7253
7219 7220 7254 7255
7220 7256 7257 7221
7221 7258 7222 7223
7222
7223 7224 7259 7260
7224 7225 7261 7262
7225 7264 7226 7263
7226 7227 7228 7265
7227
7228 7267 7266 7229
7229 7268 7269 7230
7230 7231 7270 7271
7231 7232 7272 7273
7232
7233
7234
7235
7236
7237
7238
7239
7240
7241
7242
7243
7244
7245
7246
7247
7248
7249
7250
7251
7252
7253
7254
7255
7256
7257
7258
7259
7260
7261
7262
7263
7264
7265
7266
7267
7268
7269
7270
7271
7272
7273
7274 7275 7286 7279
7275 7276 7287
7276 7288 7277
7277 7289 7278
7278 7290 7279
7279 7280
7280 7281 7282 7291
7281 7292
7282 7283 7284 7293
7283 7296 7294 7295
7284 7297 7285
7285 7298 7299 7300
7286
7287
7288
7289
7290
7291
7292
7293
7294
7295
7296
7297
7298
7299
7300
7301 7302
7302 7306 7307 7303
7303 7304 7308 7309
7304 7305 7311 7310
7305 7312 7314 7313
7306
7307
7308
7309
7310
7311
7312
7313
7314
7315 7322 7323 7316
7316 7317 7318
7317 7324 7325 7326
7318 7320 7319
7319
7320 7321
7321 7328 7329 7327
7322
7323
7324
7325
7326
7327
7328
7329
7330 7336 7331 7332
7331 7342
7332 7333 7343
7333 7344 7334
7334 7345 7335
7335 7336 7337
7336 7346
7337 7338 7339 7347
7338 7348
7339 7340 7349 7350
7340 7341 7351
7341 7352 7353 7354
7342
7343
7344
7345
7346
7347
7348
7349
7350
7351
7352
7353
7354
7355 7361 7370 7356 7369
7356 7372 7357 7371
7357 7373 7374 7358
7358 7376 7359 7375
7359 7360 7377 7378
7360 7379 7380 7381
7361 7362 7367
7362 7363 7382
7363 7364 7383
7364 7365 7366
7365 7384
7366 7385 7367
7367 7368
7368 7386
7369
7370
7371
7372
7373
7374
7375
7376
7377
7378
7379
7380
7381
7382
7383
7384
7385
7386
7387 7388 7394 7404
7388 7393 7389
7389 7405 7390
7390 7406 7391
7391 7392 7407
7392 7408 7393
7393 7409
7394 7395 7403
7395 7396 7410
7396 7397 7411
7397 7402 7398
7398 7412 7399
7399 7400 7413
7400 7401 7414
7401 7402 7415
7402 7403
7403 7416
7404
7405
7406
7407
7408
7409
7410
7411
7412
7413
7414
7415
7416
7417 7448 7418 7422
7418 7449 7419
7419 7450 7420
7420 7451 7421
7421 7422 7423
7422 7452
7423 7424 7453
7424 7425 7442
7425 7426 7454
7426 7427 7455
7427 7441 7428
7428 7456 7429
7429 7434 7430
7430 7457 7431
7431 7432 7458
7432 7433 7438
7433 7434 7459
7434 7435
7435 7436 7437
7436
7437
7438 7440 7439
7439
7440
7441 7442 7460
7442 7443
7443 7444 7445 7446
7444
7445
7446 7447
7447
7448
7449
7450
7451
7452
7453
7454
7455
7456
7457
7458
7459
7460
7461 7480 7462
7462 7463 7486 7487
7463 7464 7465
7464
7465 7488 7466
7466 7467 7470 7489
7467 7468 7469
7468
7469 7475 7470
7470 7490 7471
7471 7472
7472 7473 7474 7475
7473 7491 7492 7493
7474 7496 7494 7495
7475 7497 7476
7476 7477 7478
7477
7478 7479
7479
7480 7481 7485
7481 7482 7498
7482 7499 7483
7483 7484 7500
7484 7485 7501
7485 7502
7486
7487
7488
7489
7490
7491
7492
7493
7494
7495
7496
7497
7498
7499
7500
7501
7502
7503 7504 7508 7511
7504 7512 7505
7505 7513 7506
7506 7514 7507
7507 7515 7508
7508 7509
7509 7516 7517 7510
7510 7518
7511
7512
7513
7514
7515
7516
7517
7518
7519 7520 7550 7551
7520 7552 7521
7521 7522 7523
7522 7553
7523 7524 7549
7524 7525 7526
7525
7526 7545 7527
7527 7528 7529
7528 7554
7529 7530 7531 7543
7530 7555
7531 7532 7533
7532
7533 7537 7534
7534 7536 7535
7535 7556 7557
7536
7537 7538 7539
7538 7558
7539 7543 7540 7559
7540 7541 7542
7541 7560 7561 7562
7542 7563 7564 7565
7543 7544 7566
7544 7568 7545 7567
7545 7569 7546
7546 7547 7548 7549
7547 7570 7571 7572
7548 7573
7549 7550
7550 7574
7551
7552
7553
7554
7555
7556
7557
7558
7559
7560
7561
7562
7563
7564
7565
7566
7567
7568
7569
7570
7571
7572
7573
7574
7575 7576 7577 7578
7576 7590
7577
7578 7579 7580 7581
7579 7592 7593 7591
7580 7595 7594
7581 7596 7597 7582
7582 7583 7589
7583 7584 7598
7584 7585 7599
7585 7586 7587
7586 7600
7587 7588 7589
7588 7601
7589 7602
7590
7591
7592
7593
7594
7595
7596
7597
7598
7599
7600
7601
7602
7603 7604 7605 7607
7604
7605 7610 7606
7606 7611 7612
7607 7608 7613
7608 7609 7615 7614
7609 7616
7610
7611
7612
7613
7614
7615
7616
7617 7624 7618 7619
7618
7619 7626 7620
7620 7621 7622
7621
7622 7627 7623
7623 7624 7628
7624 7625
7625 7629
7626
7627
7628
7629
7630 7632 7642 7637 7631
7631 7643 7644 7645
7632 7633
7633 7634 7635 7646
7634 7648 7647 7649
7635 7636
7636 7650 7637 7638
7637 7652 7651
7638 7639
7639 7640 7641
7640 7655 7653 7654
7641
7642
7643
7644
7645
7646
7647
7648
7649
7650
7651
7652
7653
7654
7655
7656 7657
7657 7658 7659 7668
7658
7659 7660 7673
7660 7674 7661 7675
7661 7676 7662
7662 7668 7663
7663 7664 7677
7664 7665 7666
7665
7666 7667 7669
7667 7668 7678
7668
7669 7672 7670 7671
7670 7680 7679
7671
7672
7673
7674
7675
7676
7677
7678
7679
7680
7681 7689 7682 7690
7682 7683 7691
7683 7684 7692
7684 7688 7685
7685 7693 7686
7686 7694 7687
7687 7688
7688 7689
7689 7695
7690
7691
7692
7693
7694
7695
7696 7697 7701 7703
7697 7704 7698
7698 7699 7705
7699 7700 7706
7700 7707 7701
7701 7702
7702 7708 7710 7709
7703
7704
7705
7706
7707
7708
7709
7710
7711 7712 7716 7718 7719
7712 7720 7713 7721
7713 7714 7715
7714
7715 7716
7716 7717
7717
7718
7719
7720
7721
7722 7728 7723 7735
7723 7724 7726
7724 7725
7725
7726 7727
7727
7728 7729 7733
7729 7736 7730
7730 7731 7737
7731 7732 7738
7732 7739 7733
7733 7734
7734
7735
7736
7737
7738
7739
7740 7745 7748 7741
7741 7749 7742
7742 7750 7743
7743 7744 7751
7744 7752 7745
7745 7746
7746 7747 7753
7747
7748
7749
7750
7751
7752
7753
7754 7755 7764 7759
7755 7756 7765
7756 7757 7766
7757 7758 7767
7758 7760 7759
7759 7768
7760 7761 7762
7761
7762 7769 7770 7763
7763
7764
7765
7766
7767
7768
7769
7770
7771 7772 7781 7782 7783
7772 7784 7773 7774
7773 7785 7786
7774 7788 7787 7775
7775 7776 7780
7776 7777 7789
7777 7778 7790
7778 7779 7791
7779 7792 7780
7780 7793
7781
7782
7783
7784
7785
7786
7787
7788
7789
7790
7791
7792
7793
7794 7795
7795 7796
7796 7797
7797
7798 7809 7804 7799
7799 7800 7810
7800 7801 7802
7801 7811
7802 7803 7812
7803 7804 7813
7804 7805
7805 7806 7814
7806 7808 7807
7807
7808 7816 7817 7815
7809
7810
7811
7812
7813
7814
7815
7816
7817
7818 7820 7819 7828 7821
7819
7820
7821 7825 7822
7822 7823 7838 7837
7823 7824 7840 7839
7824 7841 7842 7843
7825 7826 7844 7845
7826 7827 7846 7847
7827 7848 7849 7850
7828 7833 7829
7829 7851 7830
7830 7852 7831
7831 7832 7834
7832 7833 7853
7833 7854
7834 7835 7836
7835
7836 7855
7837
7838
7839
7840
7841
7842
7843
7844
7845
7846
7847
7848
7849
7850
7851
7852
7853
7854
7855
7856 7857 7858 7861 7862
7857
7858 7859 7860
7859 7863
7860
7861
7862
7863
7864 7873 7871 7865
7865 7874 7866
7866 7867 7868
7867 7875 7876
7868 7877 7869
7869 7870 7871
7870 7878 7879
7871 7872
7872 7880
7873
7874
7875
7876
7877
7878
7879
7880
7881 7889 7882 7887
7882 7890 7883
7883 7891 7884
7884 7885 7886
7885 7892
7886 7893 7887
7887 7888
7888 7894
7889
7890
7891
7892
7893
7894
7895 7896
7896 7897 7900
7897 7898 7901 7902
7898 7904 7899 7903
7899 7905 7906 7900
7900
7901
7902
7903
7904
7905
7906
7907 7921 7908 7933
7908 7909 7934
7909 7915 7910
7910 7911 7935
7911 7936 7912
7912 7913 7914
7913 7937 7938
7914 7939 7915
7915 7916
7916 7917 7918 7919
7917
7918
7919 7920
7920
7921 7922 7927
7922 7923 7940
7923 7924 7941
7924 7925 7926
7925 7942 7943
7926 7944 7927
7927 7928
7928 7929 7930 7931
7929
7930
7931 7932
7932
7933
7934
7935
7936
7937
7938
7939
7940
7941
7942
7943
7944
7945 7960 7946 7951
7946 7947 7961
7947 7948 7949
7948 7962
7949 7953 7950
7950 7963 7951
7951 7952
7952
7953 7954 7964 7965
7954 7955 7959
7955 7956 7966
7956 7957 7967
7957 7968 7958
7958 7969 7959
7959 7970
7960
7961
7962
7963
7964
7965
7966
7967
7968
7969
7970
7971 7992 7977 7972 7991
7972 7993 7973 7974
7973 7996 7994 7995
7974 7976 7975
7975 7999 7998 7997
7976 8000 8001 8002
7977 7978 7990
7978 7979 7983
7979 8003 7980
7980 8004 7981
7981 8005 7982
7982 8006 7983
7983 7984
7984 7985
7985 7986 7990
7986 7987 8007
7987 8008 7988
7988 8009 7989
7989 8010 7990
7990
7991
7992
7993
7994
7995
7996
7997
7998
7999
8000
8001
8002
8003
8004
8005
8006
8007
8008
8009
8010
8011 8025 8012 8038 8039
8012 8013 8014
8013
8014 8040 8015
8015 8016 8041
8016 8024 8017
8017 8018 8042
8018 8019 8043
8019 8020 8021
8020 8044
8021 8024 8022
8022 8023
8023 8047 8046 8045
8024 8048
8025 8027 8026
8026
8027 8028 8049
8028 8050 8029
8029 8037 8030
8030 8051 8031
8031 8032 8052
8032 8033 8034
8033 8053
8034 8035 8037
8035 8036
8036 8056 8054 8055
8037 8057
8038
8039
8040
8041
8042
8043
8044
8045
8046
8047
8048
8049
8050
8051
8052
8053
8054
8055
8056
8057
8058 8059 8069 8070 8071
8059 8060 8061
8060
8061 8062
8062 8072 8073 8063
8063 8064 8068
8064 8065 8074
8065 8066 8075
8066 8067 8076
8067 8068 8077
8068 8078
8069
8070
8071
8072
8073
8074
8075
8076
8077
8078
8079 8080
8080 8081 8089 8097
8081 8082
8082 8083 8087
8083 8105 8084
8084 8106 8085
8085 8107 8086
8086 8108 8087
8087 8088
8088 8111 8109 8110
8089 8090
8090 8091 8095
8091 8112 8092
8092 8113 8093
8093 8114 8094
8094 8115 8095
8095 8096
8096 8116 8117 8118
8097 8098
8098 8099 8103
8099 8100 8119
8100 8120 8101
8101 8121 8102
8102 8122 8103
8103 8104
8104 8123 8124 8125
8105
8106
8107
8108
8109
8110
8111
8112
8113
8114
8115
8116
8117
8118
8119
8120
8121
8122
8123
8124
8125
8126 8128 8129 8130 8127
8127 8152 8153 8151
8128 8154 8155 8156
8129 8159 8158 8157
8130 8131 8149
8131 8160 8132
8132 8146 8133
8133 8134
8134 8140 8135
8135 8136 8161
8136 8137 8142
8137 8138 8139
8138 8162
8139 8163 8140
8140 8141
8141 8164 8165 8166
8142 8144 8143 8145
8143 8168 8169 8167
8144 8170 8171 8172
8145 8175 8174 8173
8146 8148 8147
8147 8176 8177 8178
8148 8179 8149
8149 8150
8150 8180
8151
8152
8153
8154
8155
8156
8157
8158
8159
8160
8161
8162
8163
8164
8165
8166
8167
8168
8169
8170
8171
8172
8173
8174
8175
8176
8177
8178
8179
8180
8181 8182
8182 8184 8190 8183
8183
8184 8185 8186
8185
8186 8187 8188
8187
8188 8189 8190
8189
8190 8191
8191
8192 8200 8193 8194 8195
8193 8224 8222 8223
8194 8225 8226 8227
8195 8196 8228 8229
8196 8197 8198 8199
8197 8232 8230 8231
8198 8233 8234 8235
8199 8236 8237 8238
8200 8201 8221
8201 8202 8239
8202 8240 8203
8203 8204 8220
8204 8205
8205 8241 8242 8206
8206 8243 8244 8207
8207 8208
8208 8209 8245 8246
8209 8248 8210 8247
8210 8211 8212 8213
8211 8249 8251 8250
8212 8252 8253 8254
8213 8256 8214 8255
8214 8219 8215
8215 8216 8257
8216 8217 8258
8217 8218 8259
8218 8219 8260
8219 8261
8220 8221 8262
8221 8263
8222
8223
8224
8225
8226
8227
8228
8229
8230
8231
8232
8233
8234
8235
8236
8237
8238
8239
8240
8241
8242
8243
8244
8245
8246
8247
8248
8249
8250
8251
8252
8253
8254
8255
8256
8257
8258
8259
8260
8261
8262
8263
8264 8265 8275 8269 8281
8265 8266 8267
8266
8267 8268
8268 8283 8284 8282
8269 8274 8270
8270 8271 8285
8271 8272 8286
8272 8273 8287
8273 8288 8274
8274 8289
8275 8280 8290 8276
8276 8291 8292 8277
8277 8278 8293 8294
8278 8296 8279 8295
8279 8280 8297 8298
8280 8299
8281
8282
8283
8284
8285
8286
8287
8288
8289
8290
8291
8292
8293
8294
8295
8296
8297
8298
8299
8300 8312 8305 8301
8301 8313 8302
8302 8303 8309
8303 8304 8314
8304 8305 8315
8305 8306
8306 8307 8308
8307 8316
8308
8309 8310 8311
8310
8311
8312
8313
8314
8315
8316
8317 8339 8340 8341 8318
8318 8319 8335
8319 8320 8338 8342
8320 8344 8321 8343
8321 8345 8322 8334
8322 8323
8323 8324 8325
8324
8325 8328 8346 8326
8326 8347 8348 8327
8327 8349
8328 8329 8333
8329 8330 8350
8330 8331 8351
8331 8352 8332
8332 8353 8333
8333 8354
8334 8355 8356 8335
8335 8336 8357
8336 8337 8338 8358
8337 8338
8338 8359
8339
8340
8341
8342
8343
8344
8345
8346
8347
8348
8349
8350
8351
8352
8353
8354
8355
8356
8357
8358
8359
8360 8384 8361 8383 8385
8361 8362 8382
8362 8386 8363
8363 8364 8387 8380
8364 8365 8375
8365 8366 8367
8366 8388
8367 8368 8389
8368 8369 8374
8369 8370 8390 8391
8370 8392 8371 8393
8371 8395 8372 8394
8372 8396 8373 8397
8373 8400 8398 8399
8374 8401 8375
8375 8376
8376 8377
8377 8378 8379 8380
8378 8402 8403 8404
8379 8405 8406 8407
8380 8408 8381
8381 8409 8410 8382
8382 8411 8412
8383
8384
8385
8386
8387
8388
8389
8390
8391
8392
8393
8394
8395
8396
8397
8398
8399
8400
8401
8402
8403
8404
8405
8406
8407
8408
8409
8410
8411
8412
8413 8434 8420 8414
8414 8415 8429
8415 8416 8435
8416 8417 8436
8417 8418 8420
8418 8419
8419 8437 8438 8439
8420 8421
8421 8422
8422 8440 8434 8423
8423 8424 8425 8441
8424 8442
8425 8426 8443
8426 8427 8444
8427 8428 8434 8445
8428 8430 8429 8446
8429 8448 8447
8430 8432 8431
8431 8449 8450 8451
8432 8433 8452 8453
8433 8434 8454 8455
8434
8435
8436
8437
8438
8439
8440
8441
8442
8443
8444
8445
8446
8447
8448
8449
8450
8451
8452
8453
8454
8455
8456 8457 8458 8459 8460
8457 8468 8469 8470
8458 8472 8471 8473
8459 8474 8475 8476
8460 8466 8461
8461 8477 8462
8462 8464 8463
8463 8478
8464 8465 8479
8465 8480 8466
8466 8467
8467 8481
8468
8469
8470
8471
8472
8473
8474
8475
8476
8477
8478
8479
8480
8481
8482 8488 8483 8486 8487
8483 8484 8485
8484
8485
8486
8487
8488
8489 8496 8490 8491
8490 8504 8502 8503
8491 8492 8505
8492 8493 8494
8493 8508 8506 8507
8494 8509 8495
8495 8496 8497
8496 8510
8497 8498 8499 8500
8498
8499
8500 8501
8501
8502
8503
8504
8505
8506
8507
8508
8509
8510
8511 8512 8513 8514 8516
8512 8517 8518 8519
8513 8520 8521 8522
8514 8515 8523
8515
8516
8517
8518
8519
8520
8521
8522
8523
8524 8525
8525 8533 8526
8526 8528 8527
8527 8537 8538 8539
8528 8529 8530
8529
8530 8531 8532
8531 8540 8541 8542
8532 8536 8533
8533 8534
8534 8535
8535 8536 8543
8536 8544
8537
8538
8539
8540
8541
8542
8543
8544
8545 8546 8547 8548 8550
8546 8552 8551 8553
8547 8554
8548 8555 8556 8549
8549
8550
8551
8552
8553
8554
8555
8556
8557 8561 8564 8558
8558 8559 8566 8565
8559 8560 8568 8567
8560 8569
8561 8570 8562 8571
8562 8563 8572 8573
8563 8574
8564
8565
8566
8567
8568
8569
8570
8571
8572
8573
8574
8575 8576 8594 8595 8596
8576 8577 8597 8598
8577 8600 8578 8599
8578 8602 8579 8601
8579 8580 8603 8604
8580 8581 8606 8605
8581 8608 8582 8607
8582 8609 8610 8583
8583 8584 8611 8612
8584 8585 8613 8614
8585 8616 8586 8615
8586 8618 8587 8617
8587 8588 8591
8588 8620 8619 8589
8589 8621 8590 8622
8590 8623
8591 8592 8624 8625
8592 8593 8626 8627
8593 8628
8594
8595
8596
8597
8598
8599
8600
8601
8602
8603
8604
8605
8606
8607
8608
8609
8610
8611
8612
8613
8614
8615
8616
8617
8618
8619
8620
8621
8622
8623
8624
8625
8626
8627
8628
8629 8653 8637 8654 8630
8630 8656 8631 8655
8631 8632 8657 8658
8632 8633 8659 8660
8633 8634 8661 8662
8634 8664 8635 8663
8635 8665 8636 8666
8636 8668 8669 8667
8637 8670 8638
8638 8639 8671
8639 8640 8672 8673
8640 8641 8674 8675
8641 8642 8676 8677
8642 8643 8678 8679
8643 8680 8681 8644
8644 8682 8645 8683
8645 8684 8685 8646
8646 8648 8647
8647
8648 8649 8651
8649 8650 8686 8687
8650 8688 8690 8689
8651 8652 8691 8692
8652 8693 8694 8695
8653
8654
8655
8656
8657
8658
8659
8660
8661
8662
8663
8664
8665
8666
8667
8668
8669
8670
8671
8672
8673
8674
8675
8676
8677
8678
8679
8680
8681
8682
8683
8684
8685
8686
8687
8688
8689
8690
8691
8692
8693
8694
8695
8696 8704 8705 8706 8697
8697 8698 8707 8708
8698 8699 8709 8710
8699 8712 8700 8711
8700 8701
8701 8713 8714 8702
8702 8715 8716 8703
8703 8717
8704
8705
8706
8707
8708
8709
8710
8711
8712
8713
8714
8715
8716
8717
8718 8720 8725 8719
8719
8720 8721 8726 8727
8721 8728 8722 8729
8722 8723 8730 8731
8723 8724 8732
8724
8725
8726
8727
8728
8729
8730
8731
8732
8733 8740 8734 8751
8734 8736 8735
8735 8753
8736 8737 8754
8737 8738 8739
8738 8755
8739 8740 8756
8740 8741
8741 8742 8743
8742
8743 8744 8750
8744 8745 8757
8745 8746 8747
8746 8760 8758 8759
8747 8748 8761
8748 8749 8750
8749 8762
8750 8751
8751 8752
8752
8753
8754
8755
8756
8757
8758
8759
8760
8761
8762
8763 8764
8764 8765
8765 8766
8766
8767 8768 8769 8770 8777
8768
8769
8770 8776 8771
8771 8784 8772
8772 8785 8773
8773 8774 8775
8774
8775 8776 8786
8776 8787
8777 8778 8783
8778 8779 8788
8779 8780 8789
8780 8781 8782
8781
8782 8790 8783
8783 8791
8784
8785
8786
8787
8788
8789
8790
8791
